terminateReason = "found primal-dual optimal solution";
primalObjective = -0.2267972513055443993306645107964214317318815832929697788588276833406629465270984227984871787097025136305765112010671172619002420411185105659646431808665781905955419237312122608682518110369520543593910854182420467121590346763886015498313443783645077969055430270783329933370952000455178870804153997264634858033868;
dualObjective   = -0.2267972513055448554701201233940062744126690922241484124611151194441112768032525970156868830908067580893335216293810339694172540338198303161294235132566367079989703182956395343097574076631308754118770252345282338459562944693356281747928555522191067578707984888971609590774851967804881402641908675690507209878427;
dualityGap      = 4.561394556125975848426807875089311786336022874361034483302761541742171997043811042444587570104283139167075170119927013197501647803323900585174034283945644272734415055966261788210524859398162861871337972597929470266249615111738545989609652554618188279657403899967349702531837754678425872351844558741599725212392e-16;
primalError     = 1.160802988546291124145295054160053892951457657565705159520921466998225450868459249737439958001890439363251985214372933390560019472972652787730397016648451220272354487073985443973157771842435229234199670237861692707012407462180708851159439413505001261416048059456313062748437251102004434072890582582121862776969e-43;
dualError       = 3.063137307821571046656799897442013494445512296946389570703604056067211221692185800170204480910349226968224169532722260603660898046885434538002953239760764747595981927984625519480361806808607082110847953671225653996931840806961255566670156475043136840157144636299392478775081944547075075040869200776069368258023e-284;
Solver runtime  = 7;
