terminateReason = "found primal-dual optimal solution";
primalObjective = 0.3017939937888419679960264399181458675855004606024450861986643379885303093638179612090104123872471436298368098555880144648575215723965290864970372977864270447328833390352102298244342140201741226050728071631309245716436849446766271954956798953693853456309779712617921470953861859442190010683576196572534149952272;
dualObjective   = 0.3017939937888411103009081372300264910110181951491543440769013820823282817605359028524100480460035802504955383250558183302570774160468625682848439244263035613666311387793392465630419404244756677409670516376259505881084832403726550791394861192361131669934583812601208063501195090618419757977665708693080199471894;
dualityGap      = 8.576951183026881193765744822654532907421217629559062020276032820583566003643412435633793412715305321961346004441563496665182121933733601234833662522002558709832613922735956984548641057555255049739835352017043039721163561937761332721786375195900016713407452666768823770252705910487879453950480377855912133392913e-16;
primalError     = 2.536725909542764536520428274486175307446178490752157081152190649010829019660231154328924220304532986156583659868071928144172706156758288265864933345422494369242343088774586888633282405268537373963568717026476020620203234789524406719723477810053191251026257140622261657588667075702121527880577340403169029156927e-43;
dualError       = 2.166728978022798604317566283887546960345982382311440121105964998289542714035058420140615058627107693960821975512447459486944078236718776499652514610770347180685131758429465864288240296667403771280608885369923710203625081538544163123768526986789454342125983297661985869562402885265886668971134802422304273951826e-284;
Solver runtime  = 7;
