terminateReason = "found primal-dual optimal solution";
primalObjective = 117.5967908688495110060493351522570137887956623452646312385802098400827454055586083268605346943929947474439705012437829519977565776509269574985829710911402736318171818700332837560279373180814404500091609011680938711525946406638252074380074733516314555173571851972892243440786692704572156220112634500079142372179;
dualObjective   = 117.5967908688493916208269156858688879081253338497792770398980373805632250982004186933092263409516687215116039679243183197992724007785218872911601678883296441791090657936894483337698211763541435230530509362772831343741057530622087953599368652433332828793036991549576408018287833978731381837720719993359330195291;
dualityGap      = 5.076040831446306054635267487620175750714510991896501436252697491268246272061955266333152173550705536292393157361304207619669897178590392974459966797626204098621926698412472282610596436846131337605562848856493181442661473875120317458411006843929993953261668487965851151693292883250501016451988325614027694280702e-16;
primalError     = 3.988019738403743348532349439302074097822437930422245800406795922108969000874256360788806548281152245383540324588544010243334005237932989895420317873940859660514091811732893201094216328502030471356544337866041108829361933183560416416287558698040831707264862102073365977131634109288789890612224497140367674956465e-56;
dualError       = 1.298437507858432083873854431280175907278495474350283352186404954523093126367988116669303343013788454085939378694227774406851025408066564542299215576811897478806473207067927028663655578481223971808353131588907378859750131936665273531170968694269044723526945660903502063731958765779536904603016149255170990498186e-53;
Solver runtime  = 472;
