terminateReason = "found primal-dual optimal solution";
primalObjective = -0.0391601823862896453566164770422680580264734770701778887191061727280218445213821289203775868041510114850971992743044804993129377447647572124315670649507284301015655192178906129803538441062147118097839155129128341602031110301838581265980509171229711147621772067055232385316934304506596909066643889071484648300848;
dualObjective   = -0.0391601823862896453566164770427719443036343568941364663894248682908807478685697933105848077640167868255617190535374032465212948332459130247012384787905809818098409201426530871177874404924389547604159458041217755794348286705969279901723286665939505839436945353396202334699492826539047114492217427603860289057818;
dualityGap      = 5.038862771608798239585776703186955628589033471876643902072209598657753404645197792329227472083570884811558122696714138398525517082754009247624741374335963862242429506320302912089414192317176404130698635742777494709794691815173286340969949382558522032450205425573538532375640756970052363358899989347430837436515e-31;
primalError     = 1.067421510817168142462186793663628055452068472114858279706523836768596754528434595510128070937584679015003215685259800753606126773245482504756552483110105546024681609963358474145090572108835303747469640633490624623174975820154181574595318066081623011073740048765466687415443208562156049086225206625652917157655e-249;
dualError       = 4.429342652602670691192849698306891544683854886136118258698805723780091808926136029827931337486226677394267268713938379698632271108345687570410926454885458795972379704519571271548101003770497659468708643988552023790397208930347283798517516817418744503888433079621818516501670966703547268608828245865674603114969e-77;
Solver runtime  = 3693;
