terminateReason = "found primal-dual optimal solution";
primalObjective = 0.3967451897847032126057559438804797363462395589566759051170236985257103614447970206029085459828244427135079407952480569204709123593536099409196389425871016697133979207282430090821813832567685473859883288844839245759330046621364599255216354620664247268526759261807573602737876203331920667273722518500141932036462;
dualObjective   = 0.3967451897847022271364703302507507473177838733676946757738152420176144727360778447290472217345579206093827410034162248496066780752701547556229246939855369080553208381937034562952100635608499698606344286131847839715157697786677518102841663519181236552589490685255378011427256710077286233628481049458577754748848;
dualityGap      = 9.854692856136297289890284556855889812293432084565080958887087191758738613242482665221041251997918318320708642342840834551852967142486015647616580770825345395527869713196959185775253539002712991406044172348834687081152374691101483010715937268576552195591310619493254634433645241469041564177287614236943078080371e-16;
primalError     = 1.720257179595803943515821471187762237356081883466918898869729083499331667262217395105573498465570502621150479663735209237320721973888008924338100976810066367376138908595244188994152962138063662106561680838222645872623321354112759866549625139297534724003712089462142130365777207743014355351990142150255234905886e-41;
dualError       = 4.489810143072580479989048093882135225408035392147680642211773516645976809726112415648341882613488635627222958161537342725464438506456592106612494953070350210345720467079568007948256728088066092382061679223485963929182312110473377668729109618980660859562428842948060715527898327461340215981254898048930026549396e-285;
Solver runtime  = 7;
