terminateReason = "found primal-dual optimal solution";
primalObjective = 0.01957217180830760818130259684774529667116345557352589400132073035319044825433736999614705630057326894037072976980901511982525295264952400237964533583603418239803283735996177136541191124095268041153127664965403682547709053596482488559589370819057043549096859729617281696093389025765254575196140797314305386835197;
dualObjective   = 0.01957217180830713282440610285423225315110787731733507111666643088129497971957135748297484644957716048678965485766682341455761511290240023295126131933644892263352900560287567958113786635803643241857321786007448488459516710326523168280745351576177929926326681036569002769429948976384026673805255321938854043043386;
dualityGap      = 4.753568964939935130435200555782561908228846542994718954685347660125131722098509961084535810749121421917052676378397471237694283840164995852597645038317570860917842740448829162479929580587895795519408819234326995932027884401924287911362277017869304827892666344004938122790139088547537545134379181103520884316503e-16;
primalError     = 1.341700464485996275675060056457680647930196778431721377567953102026243695888212508378857520753921580619973909515517054410504661810509188016275967817068985840832000716051454082468916038343251788734977844199011316971774501398031354603106696949192885891310832502343876544744260150866949378145846014701463949550312e-43;
dualError       = 1.414069675405365147929237571637032367066629090898775440365181623496582325559095498788097007378670960785458333565076442084627395281231041951133178702837230780209319763872847508780414036827926423059535656725862339786420700893962349462951490201649633187308988114095258901755658687298992393173042243672793743713163e-281;
Solver runtime  = 7;
