terminateReason = "found primal-dual optimal solution";
primalObjective = 0.3707797839609761366581343159350587067308141846011122457448940434105752084798209901358902782164709577060975955247350815390650275029590457071398017509106048520225060432486575778244143661374407923189796766163297451820291119259818492269930606196227047962738758499039087180959694926123349100322778333308586244288341;
dualObjective   = 0.3707797839609754517714723695496600028593628132664768361731313401659410438432932407199891238896862660802544080918571705447761711953797098747076539756839316207590479281334408045622919865160758867751219689397079461167262926591326877132603140814538858694657715933836010934194358685975892059680426563855411989253887;
dualityGap      = 6.848866619463853987038714513713346354095717627032446341646365277494159011543267846916258431874328779109942888563075793358324321477752266732312634581151152167732621223796213649055438577076766217990653028192668491615137327465381688189268081042565203076246765336240147457040642351769453174255034454482889476774073e-16;
primalError     = 2.152958286328817614354261408588650115461494904688752152368616882398846981121146893118717468082056493964322457606867360391923791812052554361001158914308553410181921014674624882652412903253089096488274648813145268149855132109043884646291966396818522448691901168544390809690946215177892468776267666018456949977202e-43;
dualError       = 7.873450898230577541438496823406437403519904796291974515306093774650001680608089276805348198695473190603581066866052218730673178049186518506271292827629804516966113931973519394282285693335558043233517258769227428185872656640821444492767846498857452486365978455940666327174168647713390562979906204384535430575661e-286;
Solver runtime  = 7;
