terminateReason = "found primal-dual optimal solution";
primalObjective = -0.02337471888352094974168349499780355269585828075657941639313097474526587764414842484577549823116505344606907569161551168373275891281219758255321044512194132127052184672284638202686582563528689374691399967856256744027827123674666677307272857526668159779376402735382536876552303283494106735627622670105607339292641;
dualObjective   = -0.02337471888352161468262768510360114120671668878052467729956638617343284512733286411670019860481961606789825058935477073021957711272435774408014459359351148588681796468879065690652405281260475335191560468774842466258445740709297078846546001013782891574250953140952079226940427537391518683025496424287185028785098;
dualityGap      = 6.649409441901057975885108584080239452609064354114281669674831844392709247003736545626218291748977392590464868181999121601615269341484715701646162961179659442748796582271773178596050016050091858572223061861703463040153927314348711473179487455040556954235038812425389741194739787375418157768949245751657050045202e-16;
primalError     = 1.807170934833282018468313636172029289289763305258899679899902207743069948412457771487473969893275891273055897693849492071143797464383890017955535410900264972977034359334595020120531111814637145834795355420223920311663543635970169876786321358568804643497523713649969156474877296954720822670513301638145405874886e-43;
dualError       = 6.398303521038228320239644189586469728180847903677692623722520557489978233969665453434645229166833674924002598347660191653146476445462765370594455779310647197606188528860082904789875784602733336321616594129033123294876513425573002493414628219787690837356768494725862444293187043589789354637416310513839473081778e-284;
Solver runtime  = 7;
