terminateReason = "found primal-dual optimal solution";
primalObjective = 0.108066356637204699297233306172803799474823834935754147949496952020446974256153407519278304315719964809449994209278960681903718146377469932852880403176045099391265657514084906624561764292481614939123237509610811977277499075363074220324332660484876274744637211500118333642315808542230797072601457686142062180493;
dualObjective   = 0.1080663566372042696124532032095395336031301377760984345495201050880613544881828912092428774098311937642336906359228851253022102173815545766797452693213614273433215035314569490490322787450758861388314447930878141844457323667026795833956366998705201422254399214069080682743678436960402103364446840021225255221479;
dualityGap      = 4.296847801029632642658716936971596557133999768469323856197679705163100354269058887710452163035733560755566015079289959153561731351338546836720479441539826279575755294855474057288002917927165229977928317667086603946369286959606143561325191972900932102653679479648461905867361567736840195366583451317058054738282e-16;
primalError     = 1.033186190059181551326431427714633631891238865934344818694280599519246570308793690660092621424159057033120532482647894321700172441226576775284385297474317686437224083433058674309804842428944487755103480159801701604323023252909913166113985772146766160107743845479495770166243144961096721395805070848443512660477e-43;
dualError       = 8.87279463875967087413544578198069296968723557761816961376516436106494832466202169633848478473578879878887036794663863198437375159249768189656081696181639648703041035517292500192306519905445686939880784487090528079723987818323536435819817301894720047722926944927601091630414461917187899253086658709380193089984e-283;
Solver runtime  = 7;
