terminateReason = "found primal-dual optimal solution";
primalObjective = -0.3890202834901958392904205373152508953102347642078396845725128290260270712589233297311467939004181561356970015953923475509660164446816900571517758082897549247792252873795796104820099305447957670049668416574727902686340210049683298958005960689993508509929661704229827016702541702126944176609874635518052144940777;
dualObjective   = -0.3890202834901962634601191607267157809381949981249146643352412547559087186131487064142948738956719568389380399698061630209052561851830253586003726692229098223243816210803185040596758320273540694547862515530653666068800522086225730226037892452917781981652240382553306397558843112746252293121830662074758546082802;
dualityGap      = 4.241696986234114648856279602339170749797627284257298816473542253766831480799952538007032410383744138154699392397405013353014485968609331548975451563337007388935776659014825583024498194098955925763382460312036542431268031931762924273471722578678323479380856301410619308116511956026556706401142025669706455507172e-16;
primalError     = 1.460593888730332519629507383533415503327951556168071498081971150621374581979945372768501843246312418880039312973493976412641943301835435795168660164228410461056765633843436726224801117832450226329761032958567786592426817642527796690967466043492114138919158103414311284467078896758955522847682308800351686308386e-43;
dualError       = 3.530103827451891783092181734289334866181308413486510183554930423540674850641752416746303770086606633678260575396889702466640631934900210252838970057089758965455395722078931953633595537649405225785103075527189722435479464141292972123982579053679449088316637516791644482228923668076356933002152880103873766413335e-284;
Solver runtime  = 7;
