terminateReason = "found primal-dual optimal solution";
primalObjective = 0.3857754150901257676809722479357369941570206948759887931129336525622345438043129346721405328310657753520584484461245538605101544071600627524548115735960828148138420137917434067027704811807102259546651409480766513994418855809040329072686900792259740042586877524280222205101406196121993581008631277515961548282368;
dualObjective   = 0.385775415090125364394570971349934442873754046705567381096947093920580132200514999622749719809956758960315411562923840546206992560675470682161314777770787021063043077010663854840749289552549929863732970795820140594557494309730451744829645543502048997191680258345046812583217271514352920540718754183033800531237;
dualityGap      = 4.032864012765858025512832666481704214120159865586416544116037979350493908130211090163917430368832007133143031618464845920702934967958252957937507989367810795518620211916281602960909321701522565108048843912711735811624390445357239250070670074940829754079269233480978464375601443735685623542969997866308916443148e-16;
primalError     = 1.296906455349591349508984872175979917587288104772154718439857972311883769967040919670615162920330375690844445087721869185963297704863242436199806335697002012200129344419118742517204782350362629855798102841644852199861826036215804167904178404594124076707674724157098342367390751311864482512963457660542889489572e-43;
dualError       = 1.016318765288109254142680283039869794003324350434213663234840013926655553109729205783600595467498893635294873184403174451463419528084657711487554494022520882378043479521020129667817907847815962254839090559585522022270141397902949463993874004768092273973491235601955991310579049609939585682647249984154862680192e-286;
Solver runtime  = 7;
