terminateReason = "found primal-dual optimal solution";
primalObjective = -0.1701479384791579206078985325568181323135791479934535967374923346991014350239386840437489275994870374115269844499374060737669047537200880365756215697603627706161243570848892123944182325688190212136635239935616730044674476639104378357260906419587700736731049643411487017171685026840803853994635386704650544546904;
dualObjective   = -0.170147938479158639004381723963281939779621309255390280955338089304896748448526215059676672060226106548229826432278948221117194360485311399088964251736672146554965356480071880501383484962089359580577850205454406711816158503161063871521467936217992496652567109080124790928942733855442162881526102172187431107934;
dualityGap      = 7.183964831914064638074660421612619366842178457546057953134245875310159277444607390691367028419823415421473502896067652233625133426819763093759388409993951826681069652523932703383669143262118927337073487108392506260357953772942592224229794621447389760892117742311713617774820625635017223766532436044316876926327e-16;
primalError     = 2.086310235388912545641605756880906800952532515582750185600542470092105631076739238936201142442670274780094053316038415762198549266506075098614395783743620684134077396433534088509377392945194789828011858797882892261919510589371326383732815932296748378204806576838266821362436647337218104035258576341486807477159e-43;
dualError       = 3.051602032378128949966428010572262131200962556899821355644806216141734527703114461637983892940528417132562416114723217974730279968234194387403586566323829031828390853008362765734003899210980706370788185781797909201527691885451866352018090464709418575240117831985970814762959287637166544421060179983020288917119e-284;
Solver runtime  = 8;
