(* ::Package:: *)

(* Examples *)

<<"SDPB.m";

mu = ToExpression[ReadList["range.txt"][[1]]]
spin = 6;
bound = ToExpression[ReadList["range.txt"][[2]]];
a1 = ToExpression[ReadList["range.txt"][[3]]]
Print[mu];
Print[a1];
n = 20;


h[k_,q_,x_,l_]:=FullSimplify[(mu+x)^10*(-1)^(q-1)*1/((k-q-1)!)*1/((q-1)!)(D[D[(1/(x-s+mu)+1/(x+s+t+mu))*1/((x+mu)(x+t+mu))*LegendreP[l,1+(2t)/(x+mu)],{t,q-1}]/.{t -> -s},{s,k-q-1}]/.{s -> 0})];
r[k_,q_,x_,l_]:=FullSimplify[(mu+x)^10*(-1)^(q-1)*1/((k-q-1)!)*1/((q-1)!)(D[D[(1/(x-s+mu)+1/(x+s+t+mu))*1/((x+mu)(x+t+mu))*LegendreP[l,1+(2t)/(x+mu)],{t,q-1}]/.{t -> -s},{s,k-q-1}]/.{s -> 0})];
a[k_,q_,x_,l_]:=FullSimplify[(mu+x)^10*(-1)^(q-1)*1/((k-1)!)(D[(s+t)(1/(x-s+mu)+1/(x+s+t+mu))*1/((x+mu)(x+t+mu))*LegendreP[l,1+(2t)/(x+mu)]/.{t -> 0},{s,k-1}]/.{s -> 0})];
j[k_,q_,x_,l_]:=Expand[Simplify[1/((k-q-1)!)*1/((q)!)(D[D[(s+t)*(1/(x-s+mu)+1/(x+s+t+mu))*1/((x+mu)(x+t+mu))*LegendreP[l,1+(2t)/(x+mu)],{s,k-q-1}]/.{s -> 0},{t,q}]/.{t -> 0})]];
new[k_,q_,x_,l_]:=Together[FullSimplify[(mu+x)^10*1/((k-q-1)!)*1/((q)!)(D[D[(s+t)(1/(x-s+mu)+1/(x+s+t+mu))*1/((x+mu)(x+t+mu))*LegendreP[l,1+(2t)/(x+mu)],{t,q}]/.{t -> 0},{s,k-q-1}]/.{s -> 0})]]/.{mu -> set};


M=1;
Clear[J];
matgen1[J_,f_]:={1,(a1+2)*(f+mu)^18,-(1/20) J (-161+26 J+14 J^2+J^3) (f+mu)^16,-(1/360) J (3780-2057 J-399 J^2+94 J^3+21 J^4+J^5) (f+mu)^15,-((J (-217224+117144 J+8722 J^2-8981 J^3-686 J^4+196 J^5+28 J^6+J^7) (f+mu)^14)/10080),-(1/403200)J (18527040-11493504 J-573020 J^2+813140 J^3+9555 J^4-24927 J^5-1050 J^6+330 J^7+35 J^8+J^9) (f+mu)^13,-(1/360) J (6678-2525 J-651 J^2+76 J^3+21 J^4+J^5) (f+mu)^13,-(1/21772800)J (-1618081920+1114276464 J-23062788 J^2-89625764 J^3+3886365 J^4+3083072 J^5-54684 J^6-58107 J^7-1575 J^8+494 J^9+42 J^10+J^11) (f+mu)^12,-((J (-323064+174740 J+19894 J^2-11613 J^3-1274 J^4+168 J^5+28 J^6+J^7) (f+mu)^12)/5040),-(1/1524096000)J (182717337600-139238231040 J+7923598704 J^2+11008448556 J^3-1072928696 J^4-412920599 J^5+29786897 J^6+9118058 J^7-249753 J^8-118062 J^9-2401 J^10+686 J^11+49 J^12+J^13) (f+mu)^11,-(1/403200)J (27216000-16179264 J-921900 J^2+1172380 J^3+36995 J^4-32767 J^5-2170 J^6+290 J^7+35 J^8+J^9) (f+mu)^11,-(1/134120448000)J (-23300553830400+19437491116800 J-2097042433920 J^2-1571422102032 J^3+237784745296 J^4+60582315584 J^5-8011518284 J^6-1476462955 J^7+121657228 J^8+23225312 J^9-683452 J^10-218414 J^11-3724 J^12+904 J^13+56 J^14+J^15) (f+mu)^10,-(1/10886400)J (-2765508480+1847288880 J+9679572 J^2-143779124 J^3+2629515 J^4+4640810 J^5+32256 J^6-74847 J^7-3465 J^8+440 J^9+42 J^10+J^11) (f+mu)^10,-(1/21772800)J (-4418064000+2642514480 J+133194852 J^2-188299964 J^3-3403365 J^4+5094410 J^5+122976 J^6-71607 J^7-3465 J^8+440 J^9+42 J^10+J^11) (f+mu)^10,-(1/14485008384000)J (3615038487244800-3255617073507840 J+461381691036672 J^2+253682987964768 J^3-52996970334672 J^4-9745138218752 J^5+1998189721080 J^6+250426373790 J^7-37945395873 J^8-4498646295 J^9+379145844 J^10+53376496 J^11-1498518 J^12-376914 J^13-5796 J^14+1146 J^15+63 J^16+J^17) (f+mu)^9,-(1/762048000)J (322997673600-234606048480 J+9299589264 J^2+18620107436 J^3-1371368096 J^4-677964469 J^5+31630277 J^6+13809248 J^7-73353 J^8-150752 J^9-5341 J^10+616 J^11+49 J^12+J^13) (f+mu)^9,-(1/1524096000)J (702307065600-453551813280 J-6932297736 J^2+34088812436 J^3-540193346 J^4-1051116619 J^5+539777 J^6+16171748 J^7+257397 J^8-141302 J^9-5341 J^10+616 J^11+49 J^12+J^13) (f+mu)^9,-(1/201600)J (40138560-23168864 J-1717660 J^2+1636900 J^3+87955 J^4-39487 J^5-3290 J^6+250 J^7+35 J^8+J^9) (f+mu)^9,-(1/1883051089920000)J (-638376736757760000+617584318091366400 J-111871576958641920 J^2-46802670716784384 J^3+12593913971027760 J^4+1709087749171680 J^5-512629029151400 J^6-44062800086384 J^7+11141404483755 J^8+871194552150 J^9-140876405670 J^10-12295458279 J^11+1000682410 J^12+113533360 J^13-2866080 J^14-615954 J^15-8925 J^16+1410 J^17+70 J^18+J^19) (f+mu)^8,-(1/67060224000)J (-45067504204800+35505601626240 J-2791027425312 J^2-2833723097680 J^3+340260628344 J^4+106228911656 J^5-10801191940 J^6-2457821619 J^7+138784492 J^8+35136288 J^9-342804 J^10-275702 J^11-8036 J^12+816 J^13+56 J^14+J^15) (f+mu)^8,-(1/134120448000)J (-118772278732800+81490684400640 J-1241264872512 J^2-6251413127280 J^3+319021333344 J^4+207274902856 J^5-8034181540 J^6-3834997419 J^7+56317492 J^8+41080688 J^9+303996 J^10-260302 J^11-8036 J^12+816 J^13+56 J^14+J^15) (f+mu)^8,-(1/7257600)J (-4786024320+2986044336 J+100633932 J^2-221927924 J^3-1379175 J^4+6561428 J^5+179676 J^6-89427 J^7-5355 J^8+386 J^9+42 J^10+J^11) (f+mu)^8,-(1/289989867847680000)J (132334365457502208000-135934981942840012800 J+28644483011043271680 J^2+9712819575228363264 J^3-3259760175327636288 J^4-322514926844211024 J^5+140193122598187120 J^6+7758695909560904 J^7-3345342979129228 J^8-162912254513789 J^9+48932453514945 J^10+2706244161894 J^11-444749207903 J^12-31004553349 J^13+2348383730 J^14+226998244 J^15-4970658 J^16-963039 J^17-13475 J^18+1694 J^19+77 J^20+J^21) (f+mu)^7,-(1/7242504192000)J (7290195507302400-6151492552849920 J+706151575261440 J^2+483690565683936 J^3-82860907932432 J^4-18370935391472 J^5+2984862963096 J^6+452494882146 J^7-52271202753 J^8-7568010615 J^9+441549108 J^10+80225080 J^11-863478 J^12-469794 J^13-11844 J^14+1038 J^15+63 J^16+J^17) (f+mu)^7,-(1/14485008384000)J (22625439395328000-16582743009216000 J+785865057626880 J^2+1292614401748896 J^3-113377412634192 J^4-45339465429152 J^5+3426873498216 J^6+925655276226 J^7-45421978833 J^8-11800854615 J^9+244792548 J^10+93198040 J^11+300762 J^12-446034 J^13-11844 J^14+1038 J^15+63 J^16+J^17) (f+mu)^7,-(1/508032000)J (782728531200-513838992960 J-3999136176 J^2+39004688716 J^3-915962096 J^4-1237296459 J^5+8601257 J^6+20390438 J^7+367647 J^8-175882 J^9-8281 J^10+546 J^11+49 J^12+J^13) (f+mu)^7,-(1/1524096000)J (1011571545600-638527826880 J-16255937376 J^2+47269809916 J^3-301957796 J^4-1407725319 J^5-8068543 J^6+21184238 J^7+499947 J^8-172102 J^9-8281 J^10+546 J^11+49 J^12+J^13) (f+mu)^7,-((J (-30993128473737830400000+33700980629386183680000 J-8172570508142868172800 J^2-2269839001254933542400 J^3+926616549591611391744 J^4+63826381195488654336 J^5-41493112426938797856 J^6-1223437428870009584 J^7+1060021933501068384 J^8+25566385079049496 J^9-17183715608987466 J^10-528115353197849 J^11+182241705871134 J^12+7766897476996 J^13-1245905877216 J^14-73330678949 J^15+5038868604 J^16+431057176 J^17-7984746 J^18-1451219 J^19-19866 J^20+1996 J^21+84 J^22+J^23) (f+mu)^6)/52198176212582400000),-(1/941525544960000)J (-1375516514211840000+1236747871902412800 J-181517946328615680 J^2-94881063969972864 J^3+20892460097633040 J^4+3490835613146720 J^5-820951964333480 J^6-87566781823184 J^7+16846610039805 J^8+1616725127940 J^9-194963198430 J^10-20767669039 J^11+1169347270 J^12+168878260 J^13-1719480 J^14-757914 J^15-17115 J^16+1280 J^17+70 J^18+J^19) (f+mu)^6,-(1/1883051089920000)J (-4839530222951424000+3761661970333209600 J-290630262761153280 J^2-293133274320723264 J^3+36905803498524240 J^4+10544280514485920 J^5-1266650751066680 J^6-233600427681284 J^7+20943330267405 J^8+3391932619140 J^9-182325373230 J^10-32152915639 J^11+735932470 J^12+194431060 J^13+246120 J^14-722814 J^15-17115 J^16+1280 J^17+70 J^18+J^19) (f+mu)^6,-(1/134120448000)J (-416003628902400+288887211083520 J-5990290169472 J^2-22297041761264 J^3+1262953235376 J^4+752807924624 J^5-31930582068 J^6-14256793089 J^7+225185268 J^8+157453472 J^9+1804572 J^10-955850 J^11-37044 J^12+2184 J^13+168 J^14+3 J^15) (f+mu)^6,-(1/134120448000)J (-295724411136000+191999125140480 J+2371217236416 J^2-14441453489168 J^3+282556491392 J^4+447298266128 J^5-2572498236 J^6-7077042203 J^7-88578644 J^8+59983264 J^9+1550164 J^10-296030 J^11-12348 J^12+728 J^13+56 J^14+J^15) (f+mu)^6,-((J (8318704394428009021440000-9492218434694850527232000 J+2544605036212487063961600 J^2+590343259208720126054400 J^3-290001125445802318679040 J^4-12532592104957455028992 J^5+13378092680536703735616 J^6+87450754982040388224 J^7-359620562616568036784 J^8-757005905020260896 J^9+6293574361398800476 J^10+58895719647730264 