terminateReason = "found primal-dual optimal solution";
primalObjective = 0.04127242785146090880857005869182683454291121487649264458642580503282186939232070832108639567761007689004641887222674521106683297832517118537202410743050616430474419266859969642032975885084049783081091420466128326902373083426757894274617733522006503165414658719584322269537178357227903939794456809560864068803777;
dualObjective   = 0.04127242785146049983607058497764793325618294549922117692496734354980568757761959388938071784765556377979898156093840111161773625772838117033597652738374154278703703788612238565865639698947122641049130716542553899966667550083389393918889095809485580551128268949686513987506836672400910998758031649590934839679029;
dualityGap      = 4.089724994737141789012867282693772714676614584614830161818147011144317056778299545131102474373112883440994490967205967900150360475800467646215177071547824773107616733618613692714203196070392357442693570553334336850035572863771252092261428638976989780828203034168482699294103642515996992922912474823628095662723e-16;
primalError     = 1.271801338788143242503076277599440808576562101129704441076579291147628783077808613833199299470681115664213914423814444787688778729231166078167451099747839321680961372902915315809137272711966641823623269817060569832689173800432658899122825551610028357616219184772449994568918028940816884599134851085992330827732e-39;
dualError       = 7.844309168296201524764623119705502759110284515772078879602028758154947948324220253501710615525703592855408829892765155348846330028135986574443873884570599515173561193400633828968628181465092380381136022672518859008497346981536279951691960309160662934544692612368158932773231437451632875966004570995077723305287e-39;
Solver runtime  = 1208;
