terminateReason = "maxIterations exceeded";
primalObjective = 23499131557635882687388.6749616617352858766943467395716991206613862377488101272337597010229287641248615110146351498652867456952001402721199297421274912677056013487368479470057604863156743266154139461873294739542929559495746091690091958076207246802341556080994280563182951924689380964188643383465131688385664463;
dualObjective   = -5155412206731593.016474083612208282860340852802193276353695633232704594198947849332092635251708715492324171010285290136776951275771128394387067374101200609860656173006922988569228213444077986195886229283047621643926517818966161737450843690304540391348807046780680593046652372303622035717820983267031105762290108;
dualityGap      = 1;
primalError     = 20627938824253688779.94605623671606656945134588886932207859957682940226461969609327623912918133625808428315727832670533611901513285420092463391744700616831805662846113625840526406435096623977159815573830557364508696454525338807472737967041658082957260851337837689565846521732193893796363264963106945464651493372;
dualError       = 443288815135479509199.475448913910699932491358452829293812873979642327092224566718433527797911515305580754615536758611578966837198617927161253199098274957373353542289981327167585939077302879345046822273140392423359706722984389579538715324697047292122413426852834128313436258946015604393368164163567667030521098;
Solver runtime  = 98;
