terminateReason = "found primal-dual optimal solution";
primalObjective = -0.3709955021363457571212572728672197948768554530565666279728645878358573080573163648999400282962416186334399753685389929630820784339585366505830528864629614454660734814966779536845243331364816674951370910899510417888228658479459304257879283622817331597139283974630838202850493621331979905218819591559114509435773;
dualObjective   = -0.3709955021363461818017248059172932076388426939757068453510646222070208278849482121239053602112648657730732875177476590860608580594563729377335768045074307263235653643998586722312492213158969943546573365712676568872690925160561121745375143203017684416190716764545166232657848397519302779185873560736648619567712;
dualityGap      = 4.246804675330500734127619872409191402173782000343711635198276318472239653319150232471396333121492086661229787796254978362871505239180444692808574918829031807185467248881794153268595202454813166150984462266681101817487495859580200352819051432789914328029807354776187322873967053969177534110131939204373909688802e-16;
primalError     = 1.048590843774602538426029808806767365422751337641081867171718589022254907484394777973575209368344935670217445954773587048067848187022953291318043010519445989961568502174639203257390646039836573672290960905174694751549602215845312191658268689777894570848267082452061790966513644788840414250322109821563162034047e-43;
dualError       = 4.887564112939649513801874383396730575337174317711904004145317737894364155402172803808319555977155970963193170574473831063673238793501965447144180975687094041949512144024266188230865024943580447666985113176773030144718353403993650507375758163894637082055433669554576189267519301557188869333726236863390886673701e-284;
Solver runtime  = 7;
