terminateReason = "found primal-dual optimal solution";
primalObjective = -0.2551219077187375795252179518424458841159172202190711161488568949504242794105699437016562112851995793658228047980650304111725496924496148189447054721263369172802961806305840936254358433665813650279091554887035525594542563728555357800164531072622123695424292975571777865929148458842942242948020620539465850877426;
dualObjective   = -0.2551219077187379655248421258329505237522141029966720226149756090386693265914512064665731998950157921911902563755661821754236909316514300507426410322974774599118351989354170654829056182329771116816903672376110270398935448885913072199202708700633065013661339810640103996113843499685253164065329598445775035649536;
dualityGap      = 3.859996241739905046396362968827776009064661187140882450471808812627649169886098162128253674515775011517642511412392018152317979355601711405426315390183048329718574697748663957466537812117489074744804392885157357714399038177628010941318237046835068326130184695040842310921117308977906309184772110664533083959186e-16;
primalError     = 9.218197633981812921861010365066073360057078673044516030390435069379370525046761133061805742055966132702448167968828159073498829518884542786176853372709535986096841274637930105467190645551414379982515477032769466906705714722591185522000556478408709029836326299964029867329968912179600025255697252094622212651867e-44;
dualError       = 3.836761528061422583080053269717953509109298289881789286352574955413201832064323866771115086699358364893609008180600023687980559891991396530553259418871711259558558200146688512547420084140194966803421686825539069344761734061861318586895064616908235655032922026914797760280061457898175030004412619076279084555801e-284;
Solver runtime  = 7;
