terminateReason = "found primal-dual optimal solution";
primalObjective = -0.01564981258901374269142195925063636669949403115495938066650839186617717321850414422387828441383125232444296625220475991835892287564968167710316698843094850414661261647219923806712677999030831096882100790924725671658026874640153938674014079200165781242839723902098309178021187133102429911749429992065670225510921;
dualObjective   = -0.015649812589014422038148691161153369552672038197512898084169913497380557131074638770696147297305059901185510851590341402818912341627141146225474791827642562218555995657723718260730235677070182488559282518081663774552363217303118889926378549822280172498773254401191677621575431432974588589127138607499389860536;
dualityGap      = 6.793467267319105170028531780070425535174176615216312033839125704945468178628834738075767425445993855814844599894659774594691223078033966940580719433791855244801936034556867618715197382746088344070579720944709015795031862377578206223600703760153802085858413635601019502894716328386868426876054267913042239704981e-16;
primalError     = 1.874200551664728173324678586148052358581664523210626047365033294612935530609694653631211719826455793799382909223216501868676646364868222667088024430759943906607605521551398768296436370181169415143927145739316222913045897410236608133889536018730969002582920974708033931656553070615009103218327276131053471444522e-43;
dualError       = 4.50348671546466909100381740018281608588248522827707101078690603254936503068259535050496503926250027246599312789911317128326467941093153517903771220037096606538816648738451199301057226248916090453957767588327026903935955742201992244299778069643801516494673423291546015137604814446760489442825361553063203824463e-284;
Solver runtime  = 8;
