terminateReason = "found primal-dual optimal solution";
primalObjective = 0.02365403161071259764832872713303351119974706900568667610616655508868796797671287373107550214350364257077177883705537435800874563792374666187975887991952230979397891247076461500991240528983700163375773754190006627328488912541468274366776115149800526857942619937844475445727893356659741334215291249833336180151115;
dualObjective   = 0.02365402451732104333256976528299146047891373523855599194921248399200349478818561548893411926840486486374163859060078720125824714114567672729999032664654579872775333149027879078700834741962297103993593839659974423946403487993621256900409115482491064261113484981956647685819355953226211346207814206176105046804014;
dualityGap      = 7.093391554315758961850042050720833333767130684156954071096684473188527258242141382875098777707030140246454587156750498496778069934579768553272976511066225580980485824222904057870214030593821799145300322033820854245478470174663669996673094625968291349558878277599085374034335299880074770436572311333471009119606e-09;
primalError     = 7.683383161449454047935089527943743613747888782026601917879294807611582853023698913226348012822867712526555164968070457576421901075323864369557194727939300582971375157482257344611117163718096018202186851750209534881183931805390327709564278575985565355391956645129478546037211285486057555543745708173643877456086e-32;
dualError       = 4.86517176001240932590623064048811537905307616195203505460032332740643366674426187365330368511151929355907128647660240747053605965999593934203667656983645246902317204089178339340833322996260131419999747794872011901627114835806191962506697537701416381333144808279883864201698932490095174022654603281345811292077e-31;
Solver runtime  = 103;
