terminateReason = "found primal-dual optimal solution";
primalObjective = -0.02594968764835667979011911002788452271367622521485783338219648925681794738595194024740814445569109758962017795502583434396617793726093718948834885618819352901145919901249082153896720840641536855909327769044479769369414209960350409126821782475903820368433518390121973025157122905843632414140114733027297066414084;
dualObjective   = -0.02594968764835734572200512690038434172033899880849855866500555240710023548710658311893926186574899573320590547914560069860957368812728653506230712454525680036894365114951630982818288398432293300799013007665962274598638445669827747151519255469540637127624225514680794020343807218180404881322263002111771030546969;
dualityGap      = 6.659318860168724998190066627735936407252828090631502822881011546428715311174100578981435857275241197663546433957508663493455739582683570632713574844521370254882892156755779075644488968523862148250522922423570947733802469747299363681675919070712455882099518668431233677246718214826908447396413288459602327586217e-16;
primalError     = 1.815455886450385117675815219243743273279299724777820019024295893030459337923291244804672361033643275017887165465936340361261243817098721004079573829828513838815926993807053477616469546495677470093610700949075715267216751363161224107220387455140804515703502443451117549663305105227825862446068994635874099051322e-43;
dualError       = 3.273907483721743463277796180202234665739816674555888342325661056534846484762081603694364282029230778563357584719492335666820448942041557599131755937926038971314753632535617638222967437856388041623791384247138791511291555420635955029025425023937916766312313008939336924922084176667807832051187490837337848198605e-284;
Solver runtime  = 7;
