terminateReason = "found primal-dual optimal solution";
primalObjective = 0.3571602704687891911410791341869078120060652119255217762530612023870905441979856297038190390176362015406036008901759140281009998803507580778204657929066008071111257865638825870025340165251993580839379260662011984116339109816108609143245018124623993230954353103304758413992981019135079035361533253214738876565283;
dualObjective   = 0.3571602704687888217046463637282496695105719290816790782140206727822553952973863177091592047340605991766153006420436824812896294519414748174693771200766740221765575163949492684034899481556289893262355670223108715299240099220848772842215067632406306201720986605396824493800935038488991008559851571427257850348286;
dualityGap      = 3.694364327704586581424954932828438426980390405296048351489005993119946598342835756023639883002481322315468113704284092832603510886728299267849345682701689333185990440683695703687577023590438903268817099010595259836301029950492217687029233366497907933920192045980646088026801681681787481026216997203794490513673e-16;
primalError     = 7.78403403782998557859259243087271770553212923820967702616596475893734944331204090110913457240673348901446983740132743643120748744856839159563105617560525717119083160934270305086798521783805460682407139874763401492776714985652224504480611206598798529825611425280094436674464821511861564200054196578058538437165e-44;
dualError       = 1.605291233317179835654142417250536478440016409179619044631714829938557496082517678502420040718729646828050795328489917010473968830434704015229362959305023857929124619106316602821069234436005297577400130746873495726184322161554979438488302656046002362609205070913226087903058216417570025417848911981026108833706e-285;
Solver runtime  = 7;
