terminateReason = "found primal-dual optimal solution";
primalObjective = 0.0001429082059742862339667248415121202903041244816600883409266278662105502552019158859371035545394047153265866882486801025573636321686802748601342899172766109549359432787775361442656560592900631074599296375889559606578251170692394957735552938801437433486342814174748579809498432502809712964074908624611685947294306;
dualObjective   = 0.0001429082059735422839377526784147243036685851937909459841231080291303806497502183979823606122175319825477774308219701449663647923704002515799525172965754455332097627643136763341943665891832971560154413253615761080676662333626400327144176978377811948994692483765625001127702966480472681056556725389836492299255385;
dualityGap      = 7.439500289721630973959866355392878691423568035198370801696054516974879547429423218727327788092574267099575909988397982800232801817726207011654217261805144638598100712894701067659514444883122273798525901588837065994630591375960423625484491650330409123578681795466022337031907518183234775193648038921269859319835e-16;
primalError     = 3.358125367489822576149488457367134908640385712967565705667599252020143392332194260263647715450668303579462541138937777914819122170265653932304684974298367068424261288822347135720014336993601314913717436911533463047150536848002714907252505694251731706177693834614001117974183757120397772569364513844050261788243e-43;
dualError       = 6.440060605008869794601718468511567221949894013336282272080513631515035537125383193771477115551930771798071776738357175444439033274581106258519463371875620888182012151540530925090635778115676492798572178417438328709270117523514245494839824908672449773133920761499090012272453002991752585111804614769170443862299e-279;
Solver runtime  = 7;
