terminateReason = "maxIterations exceeded";
primalObjective = -3373897055314202876970.783298049009891789962704462960361003263536751092573824468986274039789755223086203700990556404377466303045439064703667445856116085296528067402092025843065897468225086628384118757154101355809945577176545901069058344832628879516226349841843157790883406417953876606778833414059188536731016863;
dualObjective   = -85562742856369569.30763696314932257645076492533822248478331534550841652228064751949151801948157242005796314490069021692392311471958427582665412998575431810974270855693871114342719488672084814104178964443279236254971758233947040299694216633560935595258129731884264858533398693351098618685398123381398210374169313;
dualityGap      = 0.9999492808632750801139756831603763406903038714833186690881160924705359775576430053220212368362145814349425520262649355064546021343103010999044570454672164216412664082700302647283268444153579747840564244162472715599368311235802604135396713076968989581319820200376388987694730247123160148680051042300341707777022;
primalError     = 24736629999392684646.08248538406822668280761132574350111121754989920426821488242605169449200342048116335974333312398118096066183613203517969314773029223564240686592972600603147987211427083264455690097567868236423599718689617537010584762581184437006407888188826482900218229867296260035097153688240493481063220386;
dualError       = 458846004512191443050.1394567668536542328807974298479929443455752385752670741800214503071882035934560468554185849533828205565296724648676529000438032279862879722725918169665644957391087003460044633779219430745267321877349248696398588677251727005099102119195809940276108321046441930435780130892195263540750444755;
Solver runtime  = 73;
