terminateReason = "found primal-dual optimal solution";
primalObjective = -0.02999999999999947783501549608244544577291949615104846174472934533177415251195246195840412973782851717017914092192399933678722183655440344773552310988403636495146616859471928642828694999499820066872269682927858362603650209808752032564898603827747383404099169727985852802358823532690967600323020945780207567684671;
dualObjective   = -0.03000000000000000994990955756074395038325915459145050710959934388458250990131621302061916239934183145523731298951428859310310223274351008365429094273390385687638953277990091964727828662721048825793626049741473585095816757775060147755370623577851052715791869792815890841238023304698975966160640791641521196532401;
dualityGap      = 5.321148940614782985046103396584404020453648699985528083573893637510622150326615133142850581720675902892563158803961891066359187678328498674919249233641851816332189913366322122875892135636681361522249216654796630811519047201975010366931169270006483003803887919977200800836583761984586131362884773082004024702667e-16;
primalError     = 2.769251371001485237738150786863777034821960199140566999109201802817947579106297687234361272627308956363236899204722025218403029393941117446463983516267026556398237432492598659108172490876510713472443972790971240671307505154804004698008380550243517072739247061715645256867102830264087925166534649909380495249409e-289;
dualError       = 1.048559915330809192802970607698970130825544657563859371479858762309516220077391079393744586368612280503312781231940607962440356915189230121926359969832792003479895367089800753841607024095912607352206792218715732950279386230731398724605496717867816037009707067757626459744873354289932582881439362077740494181329e-40;
Solver runtime  = 778;
