terminateReason = "found primal-dual optimal solution";
primalObjective = -0.05058880554498734229885513235754415086400468019925206779118124664176838814982687281531745878776489122491599180921954234100407733928272429404982933919129157763624639028123449447447103623063242271518360627905149084991042286037073538504325539755877200088961543130715533880635913573252201375117328059799039821614386;
dualObjective   = -0.05058880554498734229885513235807021747288089658177332228762766593273685275917622450585276484901111165124088615231414012699697185883756068269346848921082831843956317199741635961235677153994841705888708599000653705029550751391606988876139576456527977518730113903432908396923858841602848206607278876522650916007777;
dualityGap      = 5.260666088762163825212544964464192909684646093493516905353060612462204263248943430945977859928945195548363886436391500195367408033167817161818651378857353093159943437034797109550462003850846535453345037181403670065077742976857077271737451628794526835064683148995081672361109439339058065803056849464324949421128e-31;
primalError     = 1.197640554840071591555182655060281489572816718791678966786506729836568767752931024170802984038980807274326682295989563450495817318126346835980796183224347364412663068609083630581793872070651219195883685334102516409657220761229878275133183025326639838561087611772328825878792305786148378059271535118275051572048e-249;
dualError       = 3.659776566730610330078391855854465622226907419181069272043874442508673553765750563895212792265408108437768650672548823903832256345492111680459798442733029794934789243158702194180254278715306529600723708406600414962927739336877442624609559654859357965325848225352181476499069020546102983498735800755460810529982e-77;
Solver runtime  = 2714;
