terminateReason = "found primal-dual optimal solution";
primalObjective = -0.02852465641319244624882867547932814197818166266025063316171420995094078651355091885610807545504001853112567579618830359895159622163118693759354448500221067568174599499040013876718197207463908030557306765020681320878920852989823799008838540319352479170767895082071168976063964536532735462783832812995810643735746;
dualObjective   = -0.02852465641319307563680153646967534104936222563416449853167902635634882957500820960328120288029935733859724462766354867207609756371875111352029002011388809307223763729388204260034155104080456496119913536555252828018924817632243588452833985581679430302438702768673692924238582290982878673744722582834624008504235;
dualityGap      = 6.293879728609903471990711805629739138653699648164054080430614572907471731274252593388074715688314752450731245013420875641759267455351116774173904916423034819038331595789661654846556260677153457150714000396464241978944399544526232695113167080768660252394817461775445014321096088976983881336476848909527906052118e-16;
primalError     = 1.690490826864575887222824688945228431898605419218683397567265951063343449929319516939960191876405991150938480676019889172596283122816868037429265694092457035306418025739583379981655336008262369119438390549327344704633753713216114629235736780933646764768085896200776711226098916820714152748747650110243514176007e-43;
dualError       = 2.208460050895162946942517511293133775144910870862700637280040208828847691936875282103783016903349930003264870485644143499597271996427964567400347801648647684796446171737660825791094984911030164644470956255175719241552555598766005551954823143963529047816737288252982783487874762556270083556181056092851493418217e-284;
Solver runtime  = 7;
