terminateReason = "found primal-dual optimal solution";
primalObjective = 0.1358854338088589731626964374204259582920717378247528202898574123090416268546262501226480105045365276439715231189493581622665599528880145251665369394270201164362749507063537125221355485275920768318110450533948137443664394653212650282489903098268243627111427230638331024952538164039695125240962075256877382679454;
dualObjective   = 0.1358854338088584874702274394005227270785738505751698935177116053814134226594058058840272708662727278985492129179131944202655398814492206789197924398842702448629003239877708836291542300393957530464459161553571403883880665765958822971485105679262218786060352834914755603093954564323886946659262843909828903250882;
dualityGap      = 4.85692468998019903231213497887249582926772145806927628204195220444238620739638263799745422310201036163742001020071438793846246744499542749871573374626718582828892981318488196323785365128898037673355978372888725382731100479741900602484105107439572357542185858359971580817858169923134704847942857153550844247333e-16;
primalError     = 1.20458545069570011891023797260737667197601223923527717633556288980969723592974654476729316231710066407198477766875504657942889028263574100817921932700359739841218285905831566332303268442957799297053747552162036209410744646703525501435970821279077927079721002908229074012549857463086722589632209278252524937776e-43;
dualError       = 1.799692973212984290962873711332111570892265658846164961626179040069081058934114537088416945900355778497660008155443228434496344413697455580095841381860799499271129830893347821887736462947564007237950094365187632368971455450468068069392424374509131199363790933887645617925510855807297600905807163559041650694811e-283;
Solver runtime  = 7;
