terminateReason = "found primal-dual optimal solution";
primalObjective = -0.0002000000000000064403326827367342529114217782102009820716833306303569506479595326760518743461486821008093312175962335135872557421460390343217846065041386140892903376494309154529051735827650768750212784501129618839459349346942629358348409411548730081418269741294374446644466505013267004588119494898397062364802182;
dualObjective   = -0.0002000000000003582938011497246993071542716658697734125165954140050963643315582785469769549281198817513426490770355189016307120357199667921414518643669450846001473179569911454333828299896438838893553414535984401345719752800820536722769254887015513269227977528374341935842638991590149863618805546488256371641561872;
dualityGap      = 3.518534684669879650542428498876595724304449120833747394136835987458709250805819711996505333178594392853880434562935739277578196672578628064705108569803075602299804776564068788070143340630034854782506260403453877907364420845475466783187809707787079967489198172486576882859030686051589859309276759689964476751721e-16;
primalError     = 1.343702165998527525752179136349563010070858478275020178938307331924544399609201328793362693515335836152042988377136610872844276118180839642224591392849970670436471731362412855850852057852139090293027999331026430171721496075195577162088365907398830809812480943276996656585087772484123850191088817887140845235976e-41;
dualError       = 4.947590223414436574040015072410869304731218533628367485584778394304414106139453400029805815764736748440569967927962531874828558215694159313933427111323712870580411987660068628492135624145487171333619778850834047136102952250020758187839671794603191814581940978423332201535116948005393929758723552536302383492535e-282;
Solver runtime  = 8;
