terminateReason = "found primal-dual optimal solution";
primalObjective = -0.06321503955760854047995495899647884377944092815356365991624708693375165474507392996438468519288875852331931815681595743852495375307906744180162769883108930654656429983084816535066417163985159552310231565330634160728039340979789209724808849453009356498915964471466559254057167906590402145708267074813209002530514;
dualObjective   = -0.06321504872202561012119323809127234645851094389160797451682766335534721151687765455986070925117147630645045110596534758914712351235679346646560832528927576785980718237851368471835578814273605340825326985108668935688190397048587864764160987478229333315726796141199955632654245767161693457419351990902334693256693;
dualityGap      = 9.164417069641238279094793502679070015738044314600580576421595556771803724595476024058282717783131132949149390150622169759277726024663980626458186461313242882547665519367691616502884457885150954197780347749601510560687986550393521380252199768168108316697333963785970778605712913117110849160891256907261794534121e-09;
primalError     = 7.631584764129626615544642580671236171266018835816733144177837123505122208116304552399669454654625535376189114695544354326775421262396261402758443945384579056635411177206167388818876526186471163625168423405048888843959704553213636911973853436050686098571161358996239520176985493114359702569503563677755174450122e-32;
dualError       = 5.80138422488946653967356029367739336115578758343115577874343154043596998106583761456961300004985049684699059711207461282010698990629369514227712874460513541311212996626016055395725459371619619934133518555220122174335528568373880224578660585916990022591735434944541695071803755983407968106083603031667090835875e-31;
Solver runtime  = 5425;
