terminateReason = "found primal-dual optimal solution";
primalObjective = -0.05086243490525617955992107167447407068391375418517078997632852035825983374321408538606618758455458852241599281087380182815375525903940591776934935261900997297840937406219805228057239101326790292318172512880775408476068114087361844943860217006427744580058583086149971533910304669824912416496024397578688218254208;
dualObjective   = -0.05086244097579404577600084291417153290016343588447973806391909164547001137346934257218232610045391699377768164412930636301370376854772950852412690724259009216951929004872622141258657544142226239973909252510167594112742205139816060929783260135012458992568068118055210599193063316797150889582598400154294421180094;
dualityGap      = 6.07053786621607977123969746221624968169930894808759057128721017763025525718611613851589932847136168883325550453485994850950832359075477755462358011919110991598652816913201418442815435947655736739629392185636674091052454215985923043128584714412509485031905239065282758646972238473086574002575606202925886177616e-09;
primalError     = 5.619714526860842972796313790591870714876267137848514911646923259050825879874439804329018266450907293059528034165823649172314227531687262849575709973355125817293542518303449483121681667076500816361508841003646472473916467685895639952419208537276155986669357771052068671463309083071227190292062143530586200999685e-32;
dualError       = 3.980599671150072376566315915629365889836266368323383491268333061986838526819116869123180567408993020947687061711174368321248775668774668078740404838237816775785800414859860900273456251836974881851248392093488624263379888297290713028659208277477351868101685547482228943574269061221113009701140794818456795278211e-31;
Solver runtime  = 5200;
