terminateReason = "found primal-dual optimal solution";
primalObjective = 0.3661297015427987694512373750008886870862665849960007611591756509445503346139468844937636361202125642204604086349428637527768281268236225875735668597544355872065148558346991689084283791948450131430432920549049934656029057031420980476900904549582748783011674484650286819684949837656218471803373888516165264205194;
dualObjective   = 0.3661297015427983730253845358472758254623862744282692468698070547864178793013777332987780689138780588851634067783645531141100734193334746798820484310448204828122518742381507558395791862034282372740431798318863709119171057033100487980104086673131120311405859627560045587008169172207145153809816854300212120353461;
dualityGap      = 3.964258528391536128616238803105677315142893685961581324553125691511949855672063345053352970018565783106386667547074901479076915184287096151043942629815965484130688491929914167758690001122230186225536857999998320492496796817876451628471605814857090241232676780665449073317993557034215953143851732996286172124438e-16;
primalError     = 1.008572145809413677863697275480099712565713101438915285497111576880811559934660288810706069235041510683590245307191322857923093742766897516617951120671347328340732062322350266568658587571190339049640915126014327397392173448366048192753406050788355153634102106487303847539095423702705038896399925607096423387849e-43;
dualError       = 9.769006029902267729152026719217826923420463047671937157606446491588591481941499989019146482408799670621975932118554775602292956768488522854834232329949078805673844627358489023752027187494397754614982653604200809328389772170652024381829709180636107712426319367477340058936599713285975252683143077401072209763187e-286;
Solver runtime  = 7;
