terminateReason = "found primal-dual optimal solution";
primalObjective = -0.3117712205451238516928838940053556356982821241853898123889145337251773942518883355668628192357404365379156232645661004749374104042415804637585491445617398709608691000191806781845687699651122993057521271324766587227143090087002371628423498738739818697377344805551178081731467184890043779518791993896308699553173;
dualObjective   = -0.3117712205451241883547698626419524217997660600200945454099645219515314258484818601470653219892061838085590678678072392906293927736521532806083043527155196315741093752728320802063205872752940189797786640076272764412942554716869813774581209477072260973333772241569899148651094733050002237105346984945475675243006;
dualityGap      = 3.366618859686365967861014839358347047330210499882263540315965935245802025027534657472706434446032411388156919823694105728168497552081537797606132402752536514020217518173101817196740265368751506177185799464629867442146157710738332442275956427436018721066919627548159958457586554991049166975689833036953473115666e-16;
primalError     = 7.483233339127671267206788997425568464123929223455113775121869286755798815967096587837934209602652909914479695750417189280448437308277032029168890379004969042490264001893565459366165473110935456063411621537050617039841603082094538291687994708748099721949339975550624743239042872760923417643111597319266965048094e-44;
dualError       = 3.474228440199623141765301904983535495766791428329386767784595863156233433270531694787450795649406616677056946882788886139401522105182597637500818987866997738176033971660107074771253343884576931678185624498618209034460033728449706548798721428736801787568665935650385940368224075807385072359379605291592778268431e-284;
Solver runtime  = 7;
