terminateReason = "found primal-dual optimal solution";
primalObjective = 0.1647998699139626777169872838586433129753099503197979272991893164003306580299221765293536916899330768156526482040588032037641604051859695432506833606634598737706238217608018722700045547579374347145739124426083114525367081833472861180774193897966454953978454352615162938131624932183674649413107863341517036204285;
dualObjective   = 0.1647998699139621057831148537451616716866422955583653139896807304576555550218497578837627860039882883161054654031062851477459564227593677743023041475297348436930357669569472029917535242797652615261752195062587012100460150983967029654242699579362065405024027860460901169632106465019917336610983247906451735054727;
dualityGap      = 5.719338724301134816412886676547614326133095085859426751030080724186455909056859447884995471828009525180560182039824266017689483792131337250300775880548038546692782510304781721731883986929363496102424906930849505831526531494318604389548954426492154261768499518467163757312802124615435065301149558199739437272379e-16;
primalError     = 1.519802540568978691001406696819235716375075010107484397138200888083681360467851918221215173668905775763151180694046002061509332957814756047364266913209839199919400889643280059393881605871206142966419252449219602586453433843307898990479767776211252714316939133045517929369429928375567202472090757633533159508576e-43;
dualError       = 1.479894734202933081910880305968933403899035770370427804124735900302816229158408384271441300881568995305748232621718241637049201638295185032889946410947978488239652364365283986319932817884356151040123825918984896769495163449926004918066085212402853094114480318981594277058625577733133502680313991846858677165917e-283;
Solver runtime  = 8;
