terminateReason = "found primal-dual optimal solution";
primalObjective = 0.3528086983995197262020189046122564996163380684868058523335975845159253426149000317686710300487025179730767231998288544638277478048028965150270100951105399092017410912606856750343144534644445379399841559605085676974309857146523579389432967154977342159832094161189063449626550818088555070065632551934738681234523;
dualObjective   = 0.3528086983995190116408106555506476296148438930450932205857387985090783700044885431033218442432741855918789345553213339168490988994697294127430073515773400531927312228166727721484375018411973950698110814531722117823974208768385914676330188446518803228617460663783719165510107432759839914632205948349547445917427;
dualityGap      = 7.145612082490616088700014941754417126317478587860068469726104114886653491858054283323811977886445075205469786489053331671022840027435331998560090098684440129028858769516232471428701730745073363559150335648378137664713102778708458538931214633497405344284116443385328715155433426603585191235317096589767990255645e-16;
primalError     = 1.945207442760960196167329612659838815663280866639759359020579884782718128260884230214535157102681367700206255828949311125835172348187977818043192031419503579537943414064177019277116111113871986025511083796543778614411199406246962359207105129006589808009846866526939207083960395324314496585003885349765706005324e-43;
dualError       = 3.515794752501061578764960229022381454086994757257598305986621252209995213701244234947260649789641345005489653635051410394097113714195570573928165770377325111115488173891395333054330166331113823421257163110987625514504322391572094513435333750019059367487450802336014085168559115324395042095333330833368937683241e-285;
Solver runtime  = 7;
