terminateReason = "found primal-dual optimal solution";
primalObjective = 0.002061415219396301206841185713340814874409383361536213309734962089684982314932043923152264753189532293024067081712840943027957549797828159882728006135858965601308466678311534953148276271232031325347096237863146119288823293715197832524528072029606925756640102245913252812237871950363812360032792766577639507170036;
dualObjective   = 0.002061415219395595231049741605546353876164323585975726493550733426898575161396513856869077779706352797628850259277413594962522184575290662425724389937441177370221153341601369896946748986386566466419720390784644503912268060974557738221056129746524832495790235825995529802026402605296317745753136193380337509061433;
dualityGap      = 7.059757914441077944609982450597755604868161842286627864071535355300662831869734831794953952168224354273480654353652225374974570036161984177882310873133367101650562015272848454648589273758470785016153765552327406400943034719422830820932608498664199177230102114693450674946142796565731973019981086028007841080866e-16;
primalError     = 2.184863235613338345410529518220877465928239937662409632028080513590048208832000416768811310522864222901280882661756691489100396974837537795109218150266877591287730730411910834257931645230890472730721160865041457885194456616236889588122288145778709433854858880652533534709315462924370940420103864416797667221984e-43;
dualError       = 6.27242493978914640929441235930688890150041842296265109668634031015183430880449489061765299542466278382880309646667524310843867733478666321410808348352686926337458267933717735411955469691713118201065240203143748539858029190230169667574171969810781721083891217373812146344610790653692038688794794516053779117048e-281;
Solver runtime  = 7;
