terminateReason = "found primal-dual optimal solution";
primalObjective = 0.04127247338028540671560680680043790523952997638524324451975168394686410116403871986108702909484535494239423314153568029215325143591128179045443499146386497941447085542769561024739896497633249139163591969772820012923229074031272694290228641525516177940355793634805728171251755366213020889716020395407522882328411;
dualObjective   = 0.04127242272050926088294909326627269602376512205155606594310092766577625052137956742808610578939825717565504882372663979459039634057668998789995838198510562089296527461302331076129517019237532730656956443361870840561638188340523037079497125249929147183007449027933818569222146066510659965605047808415687495880142;
dualityGap      = 5.065977614583265771353416520921576485433368717857665075628108785064265915243300092330544709776673918431780904049756285509533459180255447660947875935852150558081467229948610379478395716408506635526410949172361590885690749657210731516275587030757348344606871909602029609299702360924110972586991835386448268284768e-08;
primalError     = 6.250576791216261065518979258965355595684948744481305365460666987079712385371130392483017737414864913408676703652354544889771767708495921838172038713854431063982002989504428183284526452683550077611023079922264581192274200498386190359153001195333060516114735617838196872376554542773017374033717926118008575813299e-31;
dualError       = 3.855276396956587296869094983077275920502620875018833834846445788270662341447025744169336876743510816454205614102748067503008380706432345044155500707015170101163432244625460452552914997928772294211374283805450285032120841277336822049473066759155187509353540022738369170946921626883192945316751264212213583743879e-30;
Solver runtime  = 1865;
