terminateReason = "found primal-dual optimal solution";
primalObjective = 7.051504133535937634825352251729294097014237234877122372789686358792618127363891548824814674009946949454843401868217769231063168067689325993757489480091254092781857208805999188419318559483897794170173142879790847072210485865135014634977493467567613627384625742650762724673000482111296795913632776755053335792155e-08;
dualObjective   = 7.051504084830162040258482654268911950222168571871901747705121004601233385876686402057798884611122945145074061055620569991245458247782530744526254143848940324602553724798353045266989968281597811421757214662490472168338774008636049779074388058229402261925249038332896551252766244051007254688471924928019681481469e-08;
dualityGap      = 4.870577559456686959746038214679206866300522062508456535419138474148720514676701578939882400430976934081259719923981770981990679524923123533624231376817930348400764614315232859120229998274841592821730037490387171185649896485590310540933821136545937670431786617342023423806028954122516085182703365431068566098895e-16;
primalError     = 4.236099952690620042109535648598718869460732347444841184298335227982016534197408867429162533635161857692650819506232229044266392494943524562714183424234204735288647803365143344441915374864970609994793486908343583926793692708141852278358126571687663543140235455291349581096171785594188084416836392247213225077143e-43;
dualError       = 1.120797970114190513198050590240697432018832731152848426393452631717736845015410127314682602389864660420238837353702838177167235523475767956045424349307498210221857365166806157331325576511915083795339185382017963116508867793735635792470639332115432257404849780492826382849521926934206812341061004358190685044243e-275;
Solver runtime  = 8;
