terminateReason = "found primal-dual optimal solution";
primalObjective = -0.1418232820659647674520681677334313161990215226924795737678342243424040936367993591425690745717452295960275682581047021183172498748573085300165450560907973462537919273005563190357477570458100833989326500994116232464661764535179952561773469809406988592100210749868439959868502143529221135485393557101589150551617;
dualObjective   = -0.1418232820659655281044509711502651682550709389016295084263666246706544916016503292280342158905242740322727022179683657428334709966771488836796174946831918615180967861104943118870573674037810690156142134555304814913686301791015899246351373772444775915346677381739324833139041551113049757043801089776150422985764;
dualityGap      = 7.606523828034168338520560494162091499346585324003282503979648509700854651413187790444362451339598636636245162211218198403536630724385923945152643048588099379928513096103579709856166815633561188582449024537255835946684577903963037787323246466631870884873270539407583828621558407532674561272434147667422859179191e-16;
primalError     = 2.378171498253647120873523829628539908435588819250044167355557403900232312735709793970941595863916328344974940004377623482810125355753796636563953997781917884264783502104014010924066417363364624974955758626552998379781914108474801096759182146013422910973644130874719139910213433306311346416629607794845383488408e-43;
dualError       = 4.266456509055527964053758694493240146999506826899488572630280993155393405837871448667605958139581659029531786255743203711680394598123745168211185879911082514888304602848145660507343962286696939136023608689039799963388978637841552065768185139887878853372112320933771050374187550901739366056338673568489078302745e-284;
Solver runtime  = 7;
