terminateReason = "found primal-dual optimal solution";
primalObjective = -0.1134986256527720678143538843522692261240512471906126265671569521942598296904574508216188355495549611759222135418501015397661467153184675325004200844410380170482004268060939007605142677837538253794935136127714510078287865136128807532356646524827048025023010559987411680687443139798654541445990007731172192882315;
dualObjective   = -0.1134986256527724032689465268848072978797898380035957032670653601200522292572534879126955175150905146098254434195609968765192560253420923398634533258566343531886318877298518391581624135291576727465166734896455913887317145178853635001691135588937922021356135824361183534534403622859674959696097021148895981477122;
dualityGap      = 3.354545926425325380717557385908129830766999084079257923995667960370910766819655355534339032298777108953367531093100236248073630332414155963361404314609237579383976481457454038473670231598768741403809029280042724827469334489064110873996333125264373771853846960483061020418250107013417723788594807049795426603412e-16;
primalError     = 9.330679428221272622974339972414016247455972266572280399116069795370333513665389337932723872450507389290106314521004651959231361250097724526336142807742599330497029086265963012765381685637444971409514582563995432458753304541474273335865767797122205782423746499880150976905242263558118040630854300589411319353049e-44;
dualError       = 4.467492418586667729581156951769679873250626623848304500641738517347218940861833828908080694025871787633813786043202612726153970964948745918958167398668250072672445965165095037919877066770197850327738345088142853021590855976451986573410045834045750685179217050431687123321871460305454643492290894581843343093757e-284;
Solver runtime  = 7;
