terminateReason = "found primal-dual optimal solution";
primalObjective = 0.004268962502696002032784921060577293279712087285889318654094092077027171399879805588276698883523080839706351342138554837043663935029616842449453074067491347238683298925788622287901764951206250928315433027833190321270306961362128513468896519517385933671268342366067253437024181749964653975226041824899702157306466;
dualObjective   = 0.004268962502695651861006126416502813176479779133390433242376904990495798311061966627929013347382223116775392946920890632585540858531205066152075812827255475451165792336014514245812716850600380170530234736162200994713571823340320138161022863709756404936507387553689296459727549628975101915294257393081598172876182;
dualityGap      = 3.501717787946440744801032323081524988854117171870865313730888178389603476855361408577229309583952176642044581230764984117762973772612402358717875175065897741080420890481006058707577851982916709893265567351380218083753078736558076295287347609548123779569772966321209895520599317844318181039844302848313953467199e-16;
primalError     = 8.566785322714680839062972537396954739459643101228389332624718668917495666639263427467899487117346696973395529122468155513985425789523701506029347391509480404293398839554364559718615104819696457660311026537812738315629346927933907987186543978224360879706994558834280446123850643334321640662923175779314252308749e-44;
dualError       = 1.093367132532604369193335208628964130011254520962823405264371421136984681297831483667777830682257938041745688489286811732036067194382634654264792702378360417858952737569305286971583541949380225125927955583004068695083598534749032125551102619106164446440101534847240212647407373804954716952597558760603009271015e-281;
Solver runtime  = 7;
