terminateReason = "found primal-dual optimal solution";
primalObjective = -0.3838703459605241240197377734405427265415285869862631576432558658233938466477661289008490233724600423265239730005519343468261302386528144786035524172066645892554942870927492007940793918831962261023344441299063882399859555931476222193505431047438262051916104241559171033288267261865205410341145621490539693005185;
dualObjective   = -0.3838703459605248092341732151483063280519770224171988010666227636883158202276985982778243866704544868536832501778706068144181934955486274908023742504250653083731243709833536283404224055680102790073037526070601881714921625554203106838051346665671464106958758408670709824514194171505604924803835807442458280810697;
dualityGap      = 6.852144354417077636015104484354309356434233668978649219735799324693769753632979944445271592771773186724675920632568958130121988218332184007191176300838906044275463430136848140529049693084771537999315062069622726884644545915618233202055042654167111538791225926909640399514462690185951918587805511774913202384647e-16;
primalError     = 2.45330762894994592511475029686998098656758558175831648642021951191467937527927941434407362604325224594689386519513901311826646475065708971200195633407432115014494469515227662304947063780600641761567336278796849372043842993816102879541116098292041972529259358894018475608003016475749820787661524792802681699853e-43;
dualError       = 2.373390669879735563572491294425948030451364813607437440125921506359896945112249259421084054949354907217850615122202570324827906403804372615969156092147089016909479187923424477253023303155673193254803406625241315875207961358348351044104580834166940337948400707020766348639715995338726251999439102341560479590703e-284;
Solver runtime  = 7;
