terminateReason = "found primal-dual optimal solution";
primalObjective = -0.3787204084308527588177831195883051338112890279465640403385145176823797722383311089727207696282517715671105285723874153502254414057971322565974360605399625063970269902875495673831850241785440630663685744654725820844053215635003520806455679519876983248521156001127159208056320277711230104380003158603140235371941;
dualObjective   = -0.3787204084308533442053146131944080805079819471134690792489415271795720072379749549133032410857255000589393429758584723307040982548908841950438790616328596315031757295028517497129978386062668028003904682963930136834503603521138838187893018258477202189287225260773993926242595486088026573067896715851146162192674;
dualityGap      = 5.853875314936061029466966929191669050389104270094971922349996438459405824714574737284918288144034710569804786568490937519384464430010928971251061487392153021823298128144277227397340218938309204315990450387886135317381437338738600218940766069259646834718186275208376796468687893557248005926820732526313577278319e-16;
primalError     = 1.755047185619413080782153093041201375263228457791766730355196302343191925945228574846675835883488110171786537040922031174333885793120974986217263669338846771484228292615601489899143320224775506519068381008184301800262109507118526520742828095921767330977575350991433478049161628006962948627604042877212033021943e-43;
dualError       = 4.209022020782404137274753989700363581873521351942385199825853488163176162651322819791766432062027108454445649182406591378767319843762925762956047042367032935383896243680838648773369611781004566470743260616888380569659278399734491874907784238610443168174910465713984838360915684288034818620271271912993903270716e-284;
Solver runtime  = 7;
