terminateReason = "found primal-dual optimal solution";
primalObjective = -0.0479765329673608457292045766375087538466833298204933497847722892499905059885684167452922117788173635110075159065219270421368217171727246235760127361394776673817514433539040439442545522593041845345904839809715090593615721479114317885663207692180826509641405031867926034664987378225049720566272041002494775879142;
dualObjective   = -0.0479765329673608457292045766380541844468121353735400669648469643870650478917377054297503562564453482613662988899561164463475093017843073417064688850848382515410854260802656628765728319034148766339977580625766290303792153046240039837577424759874355632777011806429901607266371012476894228843337244261177506900374;
dualityGap      = 5.454306001288055530467171800746751370745419031692886844581444776279847503587829834341894042106875846115827181304561489453605841593339827263616189323182796441106920994072740816051199710176431567125721951914217067693529123135606774561975572601383634251844508277065203258682731021231998653356252963946929733311656e-31;
primalError     = 1.064086851818174940765763136184857229533596706722235486546091461138473941408355590858134422470065352602607531210033142145640953271523496574053253338508847154735981805817437983100550345296535340224868163621178916466649614372668336748103962582304217961300690876988660718432826083587477779938571441654786398076846e-249;
dualError       = 8.733045461412421224151788892261015544791406333987915570955985363525536640510826624652962954185440665090971528393903962865453303291054490174342184693490694318895952361419830521093820523173959016000803734931857411276755806704576708682920034912116367844748318587144648279975913493820521643075517916767007465001657e-77;
Solver runtime  = 2680;
