terminateReason = "found primal-dual optimal solution";
primalObjective = 0.2286374711735473672784902527755026743806161871446082374059915122218526512542066008786397537438465887576967781102717199502437368841056973735642449837307410217099467376981827080209885595183238867655277417601344411136881423096075951371418781156627795418430603443845410049335574652009767404043696264164636990008105;
dualObjective   = 0.2286374711735465850093874701640960742357567750614372385377489292012336341087890156651092557359618443453669303143208129167609559055763328643552045781714562029228621455126810832839172063289615316377586237165932940783031138240051817059600611980846749710967567482579397769587893479868942150483953102288707137261543;
dualityGap      = 7.822691027826114066001448594120831709988682425830206190171454175852135304980078847444123298477959509070334827809785293645092090404055592848187870845921855016247370713531893623551277691180435411470353850284856024134311818169175781045707463035961266012279747681172140825253559743161875929852746561607378905775665e-16;
primalError     = 2.218440917383184506899249843226626877785792732375524286063617986996859196565437917001725551637619922776180960519176135509038446317342717625222366725276855856572405944868611508460181932411362974789514100746977346304397471386246928920560149013405739170726048224282897410604115183198560490093519633559623846060275e-43;
dualError       = 2.534164755768198847470617651249632661964683632535373987716722966306128941116532710028218945918074063411742509618579651116500407765808470686396095303193700270175991872635633860559666365204924169625895163326052248281717606170228932691495144071678323243572018223416812322000537016724556979212927517703916300788617e-283;
Solver runtime  = 7;
