terminateReason = "found primal-dual optimal solution";
primalObjective = 0.03750313279080848943996510458646310535317257506204383734302676930422300737272666965322244189659136314068062017421593463559591669122537612236252350532959830559842111752654890287900415059239148219405076209768956591824745383478976558950614215004255850964376718624205511315107558826969132749401111358023777058545807;
dualObjective   = 0.03750313279080755411034738242764295240360847258273835132412311671169750717197618848994159106747477955361837652523808783919985661681132693388367995982361909011175358838774382182831223892514441882059427875813515371950535251251189602642923324540607416211997379133665512764301260079980534745208765797311210514140847;
dualityGap      = 9.353296177221588201529495641024793054860189036525925255002007504811632808508291165835870622436489778467963960600744140491884788435455059792154866675291388050810506919116672470633734564833395544121987421013222778695630769089046364843475237933949053999855080629874698859800419234556071256654440496037570624323383e-16;
primalError     = 3.405035451764975938365654157028299340614050155564688566006972666723635534573200454099791374642924169591107768294370066693324063010237651192902959648636843011360317288899480347154897653055668887968447692398239146905482740148188614310803202307002866540177881100953870707350281066921761999608974535642567669542686e-43;
dualError       = 6.309904766388220200158823332566049195152907152072267971010542093077716404605133829566681189524190169942282744013725691705181352260406468390571840356284088821685130198855880441295141026734097384477409430007603530169426949939422142862437643760282079377217457820483019359219411628619625075541169125802535939366538e-282;
Solver runtime  = 7;
