terminateReason = "found primal-dual optimal solution";
primalObjective = -0.1032710324342160000680913024678145827215587291022522598682749243950937960589174718967832349815662261043180473646512957061519823736912744203067445980663007082018301237630960276534722404202610017195958953973936495063906627053975306017039053037522047108540348480077384718386673166326950017846239252997688200001265;
dualObjective   = -0.1032710324342169727627830894973001795714449835426991399817507510813398154538935992355371507714657179333986538985098701049610659128497562787213631933191005014967636787580691920032568542727075727173509475432519206079561960292619935999389558265466982096782918072513763344945034817630112421696553319086344715598876;
dualityGap      = 9.726946917870294855968498862544404468801134758266862460193949761273387539157898994918290806065338585743988090835391584818584146185952527997932949335549949731643497846138524465709977550521458582711015655333238644629982350505227944934988242569592436378626558361651303162403850314066088656515597611062779416383675e-16;
primalError     = 2.590968196229074760637632197426422195296932579658510542210803725625540074197261318834635566734734003941289261352444021644620673610608672162240182561795522391914388615944836323210660638333005381828464121385103613262344294705535049490774862622905300811673491883996061065246633280285803571606694273233842698664753e-289;
dualError       = 2.14611197712759331158102787051985530846552358855749983712619965789279606924981246104866838823761127498627520696750319752592745871861213164417421327192597861096439209098448437576567518754510185295949103514423033481026751252706234739729998463382214557321662936753200110627679321395541049518338813921053529312705e-40;
Solver runtime  = 808;
