terminateReason = "found primal-dual optimal solution";
primalObjective = -0.05684931282638574891008797569237843409048751062906021391544430537726850609461218679560035990452769154693938846589574379656784668245652647707667077270720349539484067970837194163337522643702143964762140530990095824286216463112829472681243903281968202920742329527209035591930917236013451232478989579337634949179211;
dualObjective   = -0.0568493128263862184579315577047810177359272411503841047821827177310553814694677078347446033054327767594180726545437664226303938737365269878431746331645412767872294428946086577318052711032350950872862513042969427243547963380415137772990108076910431559697673621661043480351315827679997736812665209638002246442692;
dualityGap      = 4.695478435820124025836454397305213238908667384123537868753748555210391442434009050852124786841886480226260625471912800005107665038604573377813923887631862367160984300446662136554396648459943959844814926317069132190504865717748713611267623440668940139921158224104078652613564766251704238751524770945609861955671e-16;
primalError     = 1.294818623747376886050704041173323856013018868609753199888702439068585096878980525209298925460789567754741828986457339154874925700998044547795769231340764458034420272582976895913938563465560268574360912262394532272549373149817511205234813519987949562276804908744738203521920478333932401778653479417815586765194e-43;
dualError       = 3.455465344459045599753231219154707036773523808027763947629413954414169565740340843326992764549618199149060125096585100927952524402275044022101062239106263263332419347603108822839924475536785549610313737248490113356791288632750728063911206973218966799233096475620560290842439337913546696755616301895537435249572e-284;
Solver runtime  = 7;
