terminateReason = "found primal-dual optimal solution";
primalObjective = -1.899099650806321832074336659788192573348643222826761296552584965443216544436023902686485743908894198146041788912847462844477119476581259940121722023036005983302679792228909236362211343763489810688710314697491141324997726853319421359818491653890302566023550109593557321556112823122954890667774083288314708301959e-07;
dualObjective   = -1.899099650806321832074341353341094834875658302136939157253033692535875158311148935813051346480453800155736393380989400563971169471673547291324782170356988311754458959589214644036724461243118774033436078412681972503106905682117656490401125419975697982287614325123868933667461398103633354802491214871394788464448e-07;
dualityGap      = 4.693552902261527015079310177860700448727092658613875125033126565602571559602009694604468141937719494049995092287351203060147320982328451779167360305407674513117479628963344725763715190831178109178828798235130582633766085395416264064215530311612111348574980678464134717131583080080162489439204369134183939122721e-31;
primalError     = 2.634669783619528586291836000222934413280064216438659458738388040798985945151278573877939662312211248384463697553882976563081544784694607643019855238484008153359103347399882391011397551203709503759112795533452623640859302739830264581232355307936416277511678258910134252295529423232329849399564615396580505438274e-112;
dualError       = 3.557150173182975950447707505021093284566454041276727151035466547059499640092010259426417589716403477067141533687986300646384738451054278776839672500516885758955408073515569855385592653699797501302358777492527697825513392059365671717456224162823662911284394833470307912640112334708077286687259185598271484789358e-162;
Solver runtime  = 1058;
