terminateReason = "found primal-dual optimal solution";
primalObjective = -1.899099650806321832074336659788192573348643222826761296552584965443216544436023902686485743908894198146041788912847462844477119476581259940121722023036005983302679792228909236362211343763489810356357227574604445048828595640273766861607249411397705459624941919892624450644976418184919544979880822579920831317242e-07;
dualObjective   = -1.899099650806321832074341353341094834875658302136939157253033692535875158311148935813051346480453800155736393380989400563971169471673547291324782170356988311754458959589214644036724460564678490781902492512105090838622800429367719282836444538090384272825417258937857394612094495613060862646949948861849822012032e-07;
dualityGap      = 4.693552902261527015079310177860700448727092658613875125033126565602571559602009694604468141937719494049995092287351203060147320982328451779167360305407674513116801188680425545264937500645789794204789093952421229195126692678813200475339045232943967118077428141317667069126281928990694789817513299566176610606055e-31;
primalError     = 2.634669783619528586291836000222934413280064216438659458738388040798985945151278573877939662312211248384463697553882976563081544784694607643019855238484008153359103347406322490665913476423846959527906666806199061756955118207883731612199159637238010312730336675525794998902632261300250290092611314907744374688709e-112;
dualError       = 9.340827445961099440767801920206242628119483538732431258785013496745106330200001249912671735029343531629834022911795987339962983383261553797832318635100469714447040340773221860133379990415911502085923972084095389942665138109675551870273439317064045551163988340347273756153978895585681143226610518358232791868637e-163;
Solver runtime  = 2060;
