terminateReason = "found primal-dual optimal solution";
primalObjective = -1.89910037212249254087062122833361693779506771447291072248190884312353028579319015643264858146004505522520435832862610200391864436220596279986960353636899952794721979258426505616478477968402835744131881018699432218919743556189120563584945872534946611787519824188021890367510637498285298799252607161035002347475e-07;
dualObjective   = -1.899100372122492540870627927113416485362120559963902233336887254425111224708578160097213717290669142260876042894733480183013591729447888455046332512557775924960057150863837496498422526052428662807942648916403548381766152950546198566773911991035769838461541929745473436222393617031960306907527575567674712988982e-07;
dualityGap      = 6.698779799547567052845490991510854978411301580938915388003664565135830624087035671684566107378179094947367241925655176728976188776397012837358279572440333637746368400305366623838729409226192568717388654992930924453265686303720586343687865254532547287242049107318915001503957324689514232081914120573562070598029e-31;
primalError     = 4.095058378191514615986489565286811043980656968654929287399785720940695583526062554950362820413677156268555690117963522976006910268497539525116868103913929881012492265911337197843640360310095027874175065307883555322783513264283863894747323634349203846867819334043841390998104903866527823246443404157586222112039e-112;
dualError       = 8.009109114631717278573985180492157719625977705743646255984770123493659384512776266048400759843507887231127795703504732210992993430577041766329037853047078810214085126799459885626064102014944489820742557381841924272629948043628168473339716141725712055094393404884581605671072932610800337329264772711204880261194e-162;
Solver runtime  = 2162;
