terminateReason = "found primal-dual optimal solution";
primalObjective = -5.214545406086951727648226042235547229328398111455382862323700578684878630552651315459583950431621100188111652949561442239769809927189657483662734272113010311840975029253778449375274690630932388881410659718462920081369364375424795583197473797321817905108147436436763336746134601652851889078112422926498696885233e-14;
dualObjective   = -5.214545406086951774427196057353955232419635664660244710288326016792571729898429893680798807576083077989162670190578771314401183019935436210683254686077908690925331613410703400869460501679855620958404852287993600131679452878360858993517166757096930554320778864995774188351742219284328334594255843411166364488287e-14;
dualityGap      = 4.67789700151184080030912375532048618479646254381076930993457785782212148571444619778010510172410173290746313730927457787270205204139648983790843565841569249514941858110489232320769941925695306800503100885029360634103196929597751126492126314285590108516056076176314764455161434204846676676030532949505989490068e-31;
primalError     = 8.215945424648161443815042636156925507688882768085604551333479305139661613722130296809142760501044760310760753792590056626329677398938064487904786138222045892228325450521822350078581485271630305611752997401547857407443342235091253703752955128491035928139346013297059820214415674603698593317428227158242695332108e-98;
dualError       = 6.685866365335314182321118025589844100240736143267027788689624475680418261820705637130425360010413056889232989196035831418819212854284247035065347464198938611309488423202788946635757117949561726644914685097535229212870739112894282336530163183658725471875458756286204302384914065128074519772000171847739120619653e-180;
Solver runtime  = 3225;
