terminateReason = "found primal-dual optimal solution";
primalObjective = -1.627014671218253806810681688058231830169307417596832021918274487716543935340671241989540367995445001420710571523240213383096099207586034507978792915099992351135532240720972197916175708966525226983975833707697933207664954111836033860774138796407717161259969047805487124109209213625995108190347240713309462980667e-08;
dualObjective   = -1.62701467121825380681074203510661169385898121413680747315748673380246250564030331106229845783519448506939566170606323321528282796193185146799575777522431021007540577485240654642403179462630460747916843782366625027661100728605516141598119471185313594596764646884202138821026756863952145179497922336840494117495e-08;
dualityGap      = 6.034704837986368967379653997545123921224608591857029963206907275808983974948364868509018282301983218672875434581696001696486012431785893987353413143434850785608565977938049519260411596831706894605317421912755520705591544541878470767742103653426410105835501352634360463198265509547819428218305971751267948395939e-31;
primalError     = 3.077579549569496482713190075189212920300750882314470473614077822182787580070275985912322963631293311823226241283487325527278583505830045593110246631063270902648272964232211890659561065933150990228504278866336383529670830378772491760263668585047306451041263587544165791986603445462620329248890920395211591887355e-99;
dualError       = 5.050734165745277362439371020579440494752891948230070893468307230290143520397146816561071428527067889810184692353640802453856208303747226633615755658277723389250728082362642890622347994939595578116400164940758297113403057035179816828315350898274126404650267370154720459949362240173926742180051131720122362764244e-185;
Solver runtime  = 5180;
