terminateReason = "maxIterations exceeded";
primalObjective = -172055917600114189918.3252257935798825612408085737970203770668933431105404431411820337688308696169937795460243743687908806389900506080656781497751165219341275774998204694476135510278246929399159004782016212175767313099732207435933516704537011119194489696066050389552978530720984091110250337903998424806888799313;
dualObjective   = -0.1146347287521681193160691994014002561101381453491753573513446231576544062176284143360659212384291746954037829420339258217290125747989214866170815208023884243657199422305075929968951832610612613222393440319840579667531038125593698190299490638948912759856653876903017115741995025183041843444844361811441543468588;
dualityGap      = 0.9999999999999999999986674712459632130822892651897843788379870784228661452617132535394700033414204462936931791932354522560051161359526320016191948257141363070253342755622253188761559379860172491511774710140809920480893481011646445688433680228300510311540977131525278298140227532602062424442431737330929476401209;
primalError     = 19226026136802172688.70918981525184154361010968310412393160217598632169519861643069007430428997049667489998966722279555554946659434468489199125075852076305973208723531041182864453908092153637354683115053451625819457888774457539437513249976341168508568293169091802794402405189829656788098976428341502063120390556;
dualError       = 142929365032022509563.3542028925073042245648449968618848689590185008178153322966084631564049073507613001832579275847349713532986748178441632392127948955991016060960799314074413786089764418537987040739187431861363527199175575343586942445108990380640444797771183520006612317225334035304110530499650407419599973095;
Solver runtime  = 11;
