terminateReason = "found primal-dual optimal solution";
primalObjective = -7.201524535230515834712001659440004398116672286211151220211635506416290721348524644232430241644645256920902409009030746523725593719005926868952930093694900140148466973863787848615554887400302628951772421044242467988696645978546404852670882548929155550571862584111905419053147530271640131409859751975764754845512e-05;
dualObjective   = -7.20152453523051583471200172550905070269406698594341368989494599229599013247052987006266678194979635201791486107290010941427007417628310544622254955060219646339175217114159102983515543805964762780356577969504127738432406657345014960413506293359444008076025820138652771296005844762407395993405021346929768627891e-05;
dualityGap      = 6.606904630457739469973226246968331048587969941112200522583023654030515109509701245206386936289054448045727717857726961945690729632324328519727780318121960055065934499885179335865079880939562742059490374475146418038466528453018839561727462229390691091735243382852419046149353293143339879912221697293596331228971e-31;
primalError     = 1.544762631896766513085724773560231562004044724732202804658603662532104912363050521426220313794104883929812211884322241103911092210205101143507789598828572103031358703712248823058299574276112017779716060983837409072305809420525384505305118307751711475585520360507298386162258431951190999558406407013448582261628e-87;
dualError       = 3.986530137982361643094700123811180088052292205874020986359607920057436370636442481275734245433887425623047686577205913533217099401161458842337557330721303993318134074349299005467586572207265132420205538004345693873854678375969020292719484160467933617629854194978798722784148946349483791816642050820740022338509e-213;
Solver runtime  = 2445;
