terminateReason = "found primal-dual optimal solution";
primalObjective = -0.4422845366057848210781914379932227426895397698823427626814616801619307584424709100945140168496035916615570475683849697263102205373750693861883623493440190756706174691104392834510185627234625174276951946692809963596817874134694352382270460690624363459248698206825905263575391855216855816760393701411402486165246;
dualObjective   = -0.4422845366057848210781914379936636692975078086438364582428156115274401685394859836845824333261121040255120630370944896944090747947655938175075468619852241857042210075111502935150066201853609171882567364042697901810381584768485541484051527260141895713604983514400401299825268413354985371990940472722453774924829;
dualityGap      = 4.409266079680387614936955613539313655094100970150735900684164765085123639550154687095199680988542573905244313191845126412051100336035384007110100639880574618983997605615417349887938213563710633791189101781066569517532254356285307574496036249876558138129555230546771311051288759583463324952156864432172852477918e-31;
primalError     = 7.897633223011345927458150154468523015803977529457727077627748956457548258796779673065674407978950593421879921499777743273836067399398676757932081287831196824131650944890501025803834321160952230685271840934244353808892257409665069145786844793145916938364905624730260846533138195551346943148303685834383679648496e-102;
dualError       = 3.093578271882997796367347404361396453815691270949431881457650360451556651283730194197123145700298907466782373536928852917650361084523428373806659029943049396018568965904900991779718190536654321688113249966368910827199070963535691782798577999563328972390368557956163194847333342060280099347444959244547184739979e-187;
Solver runtime  = 2085;
