terminateReason = "maxIterations exceeded";
primalObjective = -151157477026713753661.974916924462381715558681873772125936214347591884066329952897502747719619386068701717140368722864963988808018200589957653288414130639965668092381392015002149965158961575152767053848454856155363225906019502498953049595179980043781783312188805420640756319535692553055795553514868267444084055;
dualObjective   = -229456.8598579997504526157677555414201446435747806022829873639808385139565168321556864107372567259354292099244543017050926181366433519485564641915342078855282202146992041640990398869852565797125044155852427609886554964672802075420277039303880527339619953722317255719888011172383040405045013767327395251221312767;
dualityGap      = 0.9999999999999969640025174877990626386564729906569194568972230235988275267045847492938561089216852532080827959655750857631528537548134340221062905682588462632421327689337898869359944400028600892352703405390261090993399092739215676685473107456971165547871985102698735933028625919712068557903744291847417845468896;
primalError     = 22451372410411497509.04941019237556900250791919351615026379038011307788768881323841594930420676752297062746763842066286941873209651465712586109270599956233785116502618146747688138223354642602928717479881844349840479889401249118121369820874081621848095360741699042101941680942103969961794804085952117990102136436;
dualError       = 150122636745800518946.1932077140537603150581084228599050110018361111726404800662928378697061545061947313472854429250143492687107883955363844313055856698196125316623357827323321817071970122756987039387476598401361857639638147484262477789114669587088417500721022267585692613081868585255549463566328939291062585139;
Solver runtime  = 8;
