terminateReason = "found primal-dual optimal solution";
primalObjective = -1.627014671218253806810703306412286111869424554335466693885524587439214803469949269783991757737918751899984231780545690528973202106258711774213909276346762900788565050449783457282286615974820018401107247595418243290799628327526554966407760247541403574728197464343001870324535915671447150817414687222291773160853e-08;
dualObjective   = -1.627014671218253806810742740549209775867008701329201331462924815002901729115633506800160585453887451335065055469683575511062334841163684669256153384722633216349876016715221761209763953126572777703326275450954784739548549262616787656557141957463026901151355852716370296670721313187512724094417626848759773758208e-08;
dualityGap      = 3.9434136923663997584146993734637577400227563686925645684237016168827715968699435080823689137884982089132734904972895042244108375870315561310966265438303927477337151752759302219027855536541448748920935090232690149381709921623326423158388373368426346185397516065573277002939626468000597354252223053054806484233e-31;
primalError     = 9.860299499989505280797480394834304001089501952033562830166069623434531384741727334777085777384670644768601048141908527041156170332111231161277362639935192207287501427733306313874706815243249956311145599901297925096068449008965752977415248688586452405308043974528238666016312897164438606064171217579200120959836e-81;
dualError       = 2.120771660548919636277469407132505798712325204357093960367748855040854807730890993719126398682699494672229005028077667466294749250880260142451100294341279584173231226268134204041963856962412429461168948091738156448971696926520601182038268023719436700599278484954848005993822782056762182980531804511056012934163e-265;
Solver runtime  = 183;
