terminateReason = "found primal-dual optimal solution";
primalObjective = -1.62701467121825380681069708515695601762094860877814295663653998720292990020888370750104647292490875477451055324963047277662597925531208653823022559867169533529764766885802282256925037773027072398347450079464089762332087911827611067557938957137556083487100833841849762893713141323847271570289311825500079586304e-08;
dualObjective   = -1.627014671218253806810742108279171478560878945027539697309322773226720256977129677951885083699769683984201783033950662323263592089438562823324204401349805547825016820525542348530644546892736911480575938959882876845230935834768556244158897367639645490240229796919643155181362394714399416834157535122489688197977e-08;
dualityGap      = 4.502312221546093993033624939674067278278602379035676824597045083861077486092920969122978432018954663761283412647628509397880267811021252736915166751952596139416916246618749710143816524197922191005671649244556857950779626408465536922145850114552624423098147592670113126441686748889233493661613697434006312651245e-31;
primalError     = 1.748921130653355625594439793064711638532141097783932419702457643264055753482180474323912184326764300883977582285911145559404169440107541654248419693910434834844200080668964322055777354286065224992117568594799146163972318684089725809148694118404637080005916391506074693482003954200125702109506816161581758368408e-80;
dualError       = 3.61743135399458589948220532634891283385096358643048412904734906771091813783416979285218772560387676756355408687237024261647061006507309943048824959474974381258123186519986573490136771431138220042024209446402664900604112878868458359205629003581194732900915254593907628116004281913343027791086661135597943653478e-237;
Solver runtime  = 469;
