terminateReason = "found primal-dual optimal solution";
primalObjective = -0.1716727371113736066162651723687852438163505996704492178412660989808865815208571998428245093877311742717961979169596616828764112610646511489807071721946454445004004922767026428253825889902138288626654515716028604580299871030902657466215825434832825543310626606183693970532432541178444322801215502540398849587972;
dualObjective   = -0.1716727371113736066162651723693934120952744782789491573108539321800611165103289466830512370532167968467613087732825263400968015108625702065103474783093866628214478712709453514614793869401421482309505973511162519708475638203573976247828027751880356334442213960050265806814547052255328486765534264651253696759953;
dualityGap      = 6.08168278923878608499939469587833199174534989471746840226727665485622574965110856322864657220390249797919057529640306114741218321047378994242708636096797949928319368285145779513391512817576717267131878161220231704753079113158735386657183628211451107688416396431876211085484717198101036119249378131121323186624e-31;
primalError     = 7.029837875678318090886342016561655735181851145020512959926693619600288551021860568098277628692491297923221675000037876964641580186054173743359634915269081527612287510466658066148687111600201679168638687878177252507860415487933745007747339571659076037902343048236595442092520541505976808457561547120437606551782e-107;
dualError       = 6.108086130178463844675984578308253239711130288168680491537153211670894873173340032229822729913479092878121637734989568795266565441185658363774010629551166478958698634340324253092849458597633498979618237799977175573209445816662123334907185048616248737397512842310808991647399398729091733895146935408668235572877e-167;
Solver runtime  = 2057;
