terminateReason = "found primal-dual optimal solution";
primalObjective = -0.01822478135384958684944991060188157011567877496454326200831954349356156644826992757588282165295431419242461411489488348325395148203712718155249100260419174642314936316877093083729724772692117042933350835709727142790858960352065689075605171220177397650194421497972149241522254887167542959284911445486896310899694;
dualObjective   = -0.0182247813538501495700395761628516884334588733556890842755511581145548917340301379226067899303591245505535003204686370593272246247149172251057993531650839087055389300673886202671140983626050259785706909083227461689435177745172496925046809217368020876394505813055315502198510902365604911430710549063285854243028;
dualityGap      = 5.627205896655609701183177800983911458222672316146209933252857602103467239682774048103581288862055737535760732731426777900435533083505608921622823895668986176894298168506356838555492371825512254747410349281709965928017486292095350281111375063663258100578046285413648850615502219404514596223153058564904539825658e-16;
primalError     = 1.440734604604058593406342258844253571134278361329108670037226823563463827888617075170325372570441507920876378739197031669504234219550937504786153614193483106374150247755072118887608393040018347108596150188014023823491026500041451254292343324910683683382791088869016283449395464875172290737017888830753271181396e-43;
dualError       = 4.510676375053372635261675927566568391319595288146982389560324057805297287326462679495488620768454072817182340238271126310775039300561536220315515121094197278901368903189797263023533042242486741555855981268694075925835200169032340158346905830402501604396177636826139726530605393601773692592961770384623206895428e-284;
Solver runtime  = 7;
