terminateReason = "found primal-dual optimal solution";
primalObjective = 6.357859263792868030367739430389229066077469400765419057196802044894858968091247551623118797611495451834915614295319085769760267090764524773928327721804315683230981168598604418319253810371552393724298336328626092759035143341342161401122691539603999568778308951558102209730761364558678940880398564443023574137746e-05;
dualObjective   = 6.357859263739472804904971623648448604425573704307923527074308878048209807058307173888961422881545872589387630318944387395392902612078682754916889781976158339378480470799001268279584677401743970629156031017601583325747673159179806688210193320713265772120040854203165844328895990533439314999054730854449264924128e-05;
dualityGap      = 5.339522546276780674078046165189569645749553012249316684664916103294037773415737472994957924552798397637469837436736447868584201901143793982815734385250069779960315003966913296980842309514230531102450943328747018216235471291249821889073379665826809735493636540186537402523962588134383358857430921361832013058259e-16;
primalError     = 2.331909964850412794475722261278483158465159889145188390887805394192809348215824931262661098968192697465894316944616474629920850673902723899366876351462349473636722135247959306323932326333236253324355332919620782876975907783090168417967308543126223882023639981042511109697584704050911483264751480348034765719644e-43;
dualError       = 5.301477709624687082164295763110878910020995020537929195008899627136310791841951560748797305094545028006293863262392548549149781022866715513949064997096796826621731792215125666658357098506252442495417721926949404588262975362652133928189451697230599079392207034086745044187755644601051871398904449707299940873469e-278;
Solver runtime  = 8;
