terminateReason = "found primal-dual optimal solution";
primalObjective = -2.999515100007694244033597346078486807206097642791206952716788441650552656303019227104655609191783849796860537924561614672224206744399816973324163468809182441057274152603016621384561365290675266415988353227158503721926976518590708485059597310068560588210642296086403795497782618041458192561637910059711689245363;
dualObjective   = -2.999515159797368255429196732581032095956902257180057175613921663527708173668423551676277164532205818273433171412537319432885675758874550516804310595922272225689642801800195433966493285938456776641927760439263586393979634206179174485772779811601855962818080719951098914022163374216757826870059637682505982212756;
dualityGap      = 9.966556496972638207526768187176755113705327247814080807795554704443191894728848975333083864527460478344170631116850962011700084875518454295757168258211565130075657826452481387025770284953157845935161397232022958529765251753613190790241333716581191850420377821179984135859774488060243757203170832946416242285008e-09;
primalError     = 7.935522176263820611051336761883106999123780919410037058948089559359318820032233258074937054861778386490893840761356869625833930501994263458055645382251885481385291230628524365707686186929627800163739560925449930200526333790253326599424972579955020170489099196124522043701258938766846363343138708054892814269797e-28;
dualError       = 2.906774381226256412957382153728380933736640662400938240225385849109632170889848468548465671290347132738058747776290013106605609246635682986437470648234904335210161225388622223042155620591178382266200210533618588335614329360550287583825605388930402716230222866690095007821454410740405386219354573354360891663296e-27;
Solver runtime  = 5133;
