terminateReason = "found primal-dual optimal solution";
primalObjective = 0.005128458838864027920028088551117367899260242598260590510648335175622728334720470385854055931275406859559336141904940836949552172521002245636167609700730687035932303318659971361326541272789362389379346351513899105373452379762790230694717323021691916086142643314502057418203298924248042886346743191026761955056709;
dualObjective   = 0.005128458838863692749028919637989534420990503171722372802461974669988270962083615729590871365391477878103724868780792730111594756777372197593365744936975066046497531791618670788368232468277735315805031012866502299136665950348506627336023984173952939040079195761885992665485931322477565448260334887444552256362103;
dualityGap      = 3.35170999168913127833478269739426538217708186360505634457372636854656263184565883928981455611273124148106837957415743630048042801864763755620989434771527041300572958308804511627073574315338647396806236786429414283603358693338847738977046063447552616064752717367601770477438086408303582209698694606476797536262e-16;
primalError     = 8.281570078662159497167118176011919932086580420484096888950753006158496318998960222805781140160831923130281752553638791140182328079083799843958057651842062515852852560823666102918280093778911516274950460529940749823378503438125296414185104273110109550361875338060666219276264977148654383007930762667274931795522e-44;
dualError       = 4.431114259554938553184091409401305502837171838361521788710107381674838766190048691192939180739531403354132530839720171692568804450556072274839560932783183442473641786701027533993154153499266943226676762216423890761436286164118861964416576462223740088523270351086611978982073788132310249036804299172990090929263e-282;
Solver runtime  = 7;
