terminateReason = "found primal-dual optimal solution";
primalObjective = -0.03894798993568099659197240077564029049117521561048592353348447996418638930028855503462284729021109714874284832885838494264159032743746095241530853173386509154339433562803210384913118477134435831655161674440261773441324205222748799292851628371106185071120153329373933739635842423762637770326362939589932415786236;
dualObjective   = -0.03894798993568099659197240077614499749973788961624036767389811736428338325306091248276210033035605409956364266106982794303712345536584046545392220944150354976433607561609060473194209029921954669290264350175454160945940429109601922144717188944096880833262724239117524417045073634545385970057301941328370568336567;
dualityGap      = 5.047070085626740057544441404136374000969939527723574481392530401449569508207943322114430003955331279283795130386136777076384582209417399880585008828109055278751883763510267573519238750461622388685312285186556057299069576214257090974359067740923121078274819973093900173843815255033192753036314758707358834433973e-31;
primalError     = 1.717144739547772267963582493175483306024536131685598749982394466949486362946594401259090655449449959972367514703159826098434709879614473129360221660857704735676663785253583439869288575128971989142873220417758047895559902618091742724328670940175979088081321580629732054946516057032147523457542969796859376910164e-249;
dualError       = 4.428393713985532055446916754667586983097455380221516113827915462297263481097625113233992821505987598424417854683653565504686095706665809682509300908308587015658839134287231141171924024803315919327101199002281035380109942732986363053989120717738573464931143418115824115483481742495933309144496506075498598597621e-77;
Solver runtime  = 3701;
