terminateReason = "found primal-dual optimal solution";
primalObjective = -0.0130748438241777649065340722297117855244017303929153649350068557221938903524011993730235683558133703306960168357581911037125222356801325405357936318725666806651655558714718021152835662014360031788841844094127159832410104594051965508009560839016825597310743722067500406558432734595342550590039230763561985475795;
dualObjective   = -0.01307484382417869868415284428173182740253667814342653639562489237378139986657402251415910701705728408303003543311173910433140565476884289314458161848739345337501587627078965076552571479020064861151965123338122969578788167117864927850076873451845165828909779299085661953296756048999412343679163400833364333107399;
dualityGap      = 9.337776187720520200418781349477505111714606180366515875095141728231411355386612439137523340185973535480006188834190887103526087879866148267727098503203993178486502421485887646454326354668239685137125468712117734527276998126506167690985580234207841065788771242870304598683777877109319774447834944900656754409075e-16;
primalError     = 2.929067361880151341067852613906882160456418185359381263132563511590393274418709015446364140023548735334886589000844673346176173062271516065039646501101934634570343116317816868917885277518791693016457389870057241957081743775983575573873475559090871053436379232525374616773361055694508663057861776700372880773315e-43;
dualError       = 5.357968907267182449592237881067210408822391390102496245602008208446213552472873555043456850983947865311382586749394207140583191649565529133824886763843601269528970460496456997500130730091449449867691618446270797779946460890133399338676552569052737021786820163703931016688798417943985036284754298599703823197105e-284;
Solver runtime  = 7;
