terminateReason = "found primal-dual optimal solution";
primalObjective = -0.2834465641319305069528690322438071375580363215767112876009254870217599501144362821504142367904366884110033496135758407312433844090769771511244970675762449198191593589502634630477594457867279065234211139314519538757809318527079673159450008922054227475273916343525092819368982754839337708764595641738156310369938;
dualObjective   = -0.2834465641319310468081056332749178396687761650003924962633848751772916869536026869165588003142945678159955235257442809864935077222436322561444381264220960516331573148214682443343311252052789884033455379220582390455476819517143260917593687608196238879486498575813769386336702027121401540451103720723170409448482;
dualityGap      = 5.398552366010311107021107398434236812086624593881555317368391664047661445635238578794049921739121684402552501233131666551050199410588458511318139979558712047812865716794185510818799244239906062851697667500990063587758143678686142011404212582232288676566967719272282063831686508078985014099078544595439835260734e-16;
primalError     = 1.419061370721759176468092197739832723967322297540811615704766638804935847770579170379563804010377305898435569798220535717075121165175170844479687985787887507761486764222286462702176715815073114338129893622853840719641865668535750259886633718399802970957908499434408703789289661489053088207356288915595249282348e-43;
dualError       = 7.045142904798402905386593781233288646207064459759329802485655996026866903425235648268233355013318446972707472369378765779390332079690536209294261134069366638687932920266942339692735713847817709768811491181433133341551154077989110993643111407156451511916171820121768508687073031814250882885082273592505757331682e-284;
Solver runtime  = 7;
