terminateReason = "found primal-dual optimal solution";
primalObjective = 0.00138596067488985784242440464501828774056747364340312762470699005466432325442453972662898745044063199496603381137503830221804437108788223215627979135741452846563197053008965361973226638916498019932693900967125120957358749578512752646699209824561490349531579147576312775752356312213887398663119397273317924683079;
dualObjective   = 0.001385960674889423574046251184147621644620741388427252170557522521391833844170825946779206623347518065814689422702047047810308852136006855095078686969992465011136853724649889304167760563906373394557516582752170795965183841330098780293695458504155126801339537471131057806647660373568492465989071180044572652603784;
dualityGap      = 4.342683781534608706660959467322549758754541494675332724894102537137798497808270931139291513443886729912544077355189518753770612011043874220634544951168054397643155645058252586068047694224269190804136084036544550287461732966397414597766939762540046320699508759027485703815206421227926886065942270062759072422468e-16;
primalError     = 1.144513304943786265922144041061546814719263377901976994496102518977108742763408374576312969440739966872149525030077003725913924082807715159228750861914599430856773320175146220364833516860865870676688414569592500499528409186439461303164421635877545673106141037101821990169296524872818842958360073143753049809911e-43;
dualError       = 8.492153744010509344791321443812657237439018187784659228468731393433641652368954995353048447498302172972932427801941661282746730423068918135801264503515392276566570907760481138053251218425338885852416448464653840450875314943897158701265891913025068134543728372364755417164359418022213349803528566848572564396004e-281;
Solver runtime  = 7;
