terminateReason = "found primal-dual optimal solution";
primalObjective = -0.3400958769583164241655005880580301954087780214731527874724654564301370183342058792164166720111156400043805198324346907815272106568591896500436192670091038544612842055304654558303144682731532462331521724365217830111465346248729879569033051066055983455239359929463005185377053284876869752374963283305034620942079;
dualObjective   = -0.3400958769583172805939431543378674635398640534228086586198253989532112080937741019781039872693578836971467493948076841332141224649284269087539170920076137191580126385708011948370930040624735892127175749987029191839439266247396131526116591337982269842442901017130892446313199880629343708012112191976787048647585;
dualityGap      = 8.564284425662798372681310860319496558711473599425230741897595682227616873152582422436927662295623729933516869118080692372587102978249985098646967284330403357390067785357893203429795654025621811361727973919998666251957083540271926286387203541087667887260936146595752473955637148908671752427705505659928810335877e-16;
primalError     = 2.737301404882441604562215649374650185923186192360559147965489266316543013293501184545922790324740728116008615663500222951899986493183883550215730394987236956317561842618023519719643648883154675289770540130153888779068363151128247387168047100925369123066753533521419501218888161214511354301017697371594956013409e-43;
dualError       = 3.329665084410958493485043113204215658124410799110929940144914530863039824052331120605216410107704962388642105784425474357973723149013849669239689580984158298533762424170372812192625289454138239473264572739758876633002543582625188765219916561378187880483248181121597676010415439024542444651386653473806049524927e-284;
Solver runtime  = 8;
