terminateReason = "found primal-dual optimal solution";
primalObjective = -0.007924906294506465238141775601768197414037546783501996818616203461800502927993528990967905404415909821594793247304753679417703206617094108041323886509606356677407238788177503364042084919692244399073717664113057208727980253329314799566159770256822166751620206448442135065493161565952773379045198470524255765286367;
dualObjective   = -0.007924906294507231640384790182759267651462012082833275274754635950776879914218224443048343296396555864342485637686480023890257690157560911302007246663686961625988775242204735994928565704479713138142817506584731543947877148662881048950132314519088325607660709145266980566966195827074133927823776178279673199156384;
dualityGap      = 7.664022430145809910702374244652993312784561384324889763769862246954520804378919806460427476923903817263444725544835404668032606833601540806049485815364540272326308864807847874687390690998424716743352198968953335662493839725442622661588560405026968248455014730342611213605487785777077554174338700166043469281595e-16;
primalError     = 2.435562713089423796065687203416351762570408739767127337316469519336137781512496749466946587497905260413801024052427331457434144008949191661476343407742553082503066181261831033740024164320270814410926120003329092144526529852236239666840362910128173664609641601400653192342381391140986830886569004362564231328501e-43;
dualError       = 5.469048447206516177200665085881486167712390329753710494132020311213112836752275462096076749968747183804773561186943683522924541252194788181314444059140304337637149820328075075175288241394397159929080535360055470408765270321100876956502900253132420118096118069624894231687517713580457449730547482163738664056288e-284;
Solver runtime  = 7;
