terminateReason = "found primal-dual optimal solution";
primalObjective = 0.3615950937790866597331017661057315653200058055412934198830209932120663412384035520952431789760198654313027393306655298582017884915322126707928890222971179494353416502710193258499109138672117386045921334554419373297221073241710371434763921323518420481043492004933451924596872497748563565141348120746346681994082;
dualObjective   = 0.3615950937790862493033083936780122139604121982880062051726232920324706300936914278537882509905748487370757107249829309485592808381409572798928612093170963728143203521373004910720183685331241938262030991097277067439563802600978707424897807937644783274993920191006669615536385296939276133425434409797719357956949;
dualityGap      = 4.104297933724277193513595936072532872147103977011795957111447121242414549279854450166942270286056825989096425076533912553909000278129800215766210212981337188347778925453340875447783890343457142305857657270640731664009866113385873637206049571813926782309060487200809287431715913710948627324037133522476759216316e-16;
primalError     = 9.665204727328699430740038690565561976443567044429733206129640482775123894914608103565858850670757475645047444007724641226025029484541219552258232261486574775065306055633856722738205453210702254028943544855263042800718127100434437011752215153773363401397706986648559358387895407921533643095406856645311393438979e-44;
dualError       = 1.171133793585657401699777032519684332492156878934257460412119206200014373488919734349854134684107706639684473249955297976679526358269685831768303158995428133641446820812991891825885550009006254141805114289085606022676477641742459585443440797199292949071079382520103404131451666231079383341299068398942440164131e-285;
Solver runtime  = 8;
