terminateReason = "found primal-dual optimal solution";
primalObjective = -0.01564341182571963656773843990919495486069247757652215399018418723794095125232235873094318311893807479936514100800841026929444070904759627886245327484495509948126870912232152433212582338445227831392672854094716109730582207552440082301667372310704268825187195460684994944672189410078207883651359149588887064880847;
dualObjective   = -0.01564341182571963656773843990979206146178460910960283514166322077115747735703741547076969181716507418843517427513992711566115165572094238600056831832686010754297262848644073063542743984984861639870190700803283097405733361964234231452427960182591121608678662933479607000319857164165988008605612133335255794444612;
dualityGap      = 5.971066010921315330806811514790335332165261047150567398265086982269993890700332671315168463667109466733461071381150434819050080617039193641192063033016164653963380847751784670856698767515115441179414915076058787188685278349146747279461205564766775408778012495425298374636872956376520321919518106921725373770137e-31;
primalError     = 1.626561694561818334401784022709702926181741281864165659872842164913550338744578101044699010298356894592133094118163072764424683935603514197490146013593744832947080118871637768824500027121546174122229323434915376025120334864588638114219427961792818468173524408830096803659104900382546459790502370752819145543123e-249;
dualError       = 5.660297476918824756145328478982351733802315280239602389667853231572427872972373451839372886741081495143720923668299969629077420207379311570675163372434088742157509271038584649783089617088530663068272211234026644113724402816844723407769979971284863450106354812185517314936384797764658498155887933349791023473571e-77;
Solver runtime  = 4606;
