terminateReason = "maxIterations exceeded";
primalObjective = -1116832076646404909072.058062333550420728184585631099808698578191782325098896369231203610736896384196235092689332841952877143503872292646752569397318582868122636913696418897081104410215611501592760387295982535393498864577052577889039704617629345831869085089384055521820147148867119663663997116107106049839665324;
dualObjective   = -4789030855240251.484253226114925144051747198817763393978360283261720428930782904089641187643507684510035717373636798128648877632338117226357870536649867548006888067531050940640292365098106240447077605189698957024042606936770047848747563399308125739535991219178500269249909744513390906580197516805233837636986699;
dualityGap      = 0.9999914239384418311816408270626651899443376290940741581410953544231313149114821040462534907336076398871436202740316979427776438211712832331847587223121518513054766211211045648481572311680418667989631334873032240183370217678433551174097102384127047582031455418277156726805087985285049855606949506239144095675168;
primalError     = 19743869749028927055.38641481890896589862503799332552963804503976154972901758338490284860100655535530115940065333523360691305500501886216569240970124885488025045279247070668869630393666387752006885879851171506856693293967523082858431070696868549378732095745531102695216595372792986245484532262606603309311175308;
dualError       = 440484134936017236107.6317649785515333412673770498741443769800502418739171390546077745916817998749552039629131128254894406775928065378857963629701253777177859435514401963653382335078075201253227826827772462693039276453935189742794025947003125583381664235828997474325203926353949908942489001441648669529725769848;
Solver runtime  = 97;
