terminateReason = "found primal-dual optimal solution";
primalObjective = -0.002774950876129420305282610970472004445308152438385064609295364402257391308072520561935305581496164428035334196608827737786171227704248003981426373321118833889550797302420048454963697497691975219674332507225119479389447846847239926683174242329188329780972522799547702689188773443512709082025275868462358458768278;
dualObjective   = -0.002774950876130209041143352920449759120095822574511838972997475998162622144482754107681341194665612157097606650614165864089369938263283101463469505694270858407578902893070899310467045289248001865243420421582133005198234089472551409631640741187313900451068047390919358861686994613827053911069622976613927152228377;
dualityGap      = 7.887358607419499777546747876701361267743637021115959052308364102335457460356131694477290622724540053381263031987105590350974820431323731520245180281055906508508555033477915560266455690879143570135258087862426253114829484664988581255706700955245913716561724982211703143448290443471081515686934600996075691755799e-16;
primalError     = 3.23082812442601307937868028228017693619911903158592096132604410654486959896742051035379641238982066798882498648411281457834880990581164157825870911180936704887831143805546346573091351074009318750676009594532621783743921763610475028011138253208382288512436524517500506332516027518834464692865846951528515292129e-43;
dualError       = 3.754953804503613140308952667635813175365759765030150595152501032193565039137215592637837674448316086473755824144199678333738166687724399076043801983107128992939965259750920226614302104158894411419837153642560581747124445351420225606197038621870210426663440322694615163270574068138495300674024809703247547431272e-284;
Solver runtime  = 8;
