terminateReason = "found primal-dual optimal solution";
primalObjective = -0.02136751758650836416647751135506513915146555154453448863969736478060162189518838113631822327660688079205710378161008851495160858514762831507697278223438275039616673567457374535880042500150089594487364286090867820246589631097176300245762230664677636856476634201157310425320589574400283362008181215612069270047558;
dualObjective   = -0.02136752156878745790399634264990479484019628880666008048381606233628849942423534111422683387472368878641200148221951470480364053120522596273850628666728620445298123798216266362201203373850873872336685163243314034105517125661250582312132263973855606848971255781205110900551397648568507278019357808092059210497248;
dualityGap      = 3.982279093737518831294839655688730737262125591844118697555686877529046959977908610598116807994354897700609426189852031946057597647661533504432903454056814502307588918263211608737007842778493208771524462138589274945640742820663700333091779699924946215800478004752308080741682239160111765924799899404496898893672e-09;
primalError     = 3.65060731007412849891300656978332948812684244657159783970716046786536732194707252260555773167014287106628188872969437634791768383102221510856856621580521489166016567808494780099856172941128758770771891803764810062489458961480556854808947801181803701743563455029884300340124790557432113522449568707115568367347e-32;
dualError       = 2.349768270315016503503180017395180687907589817967478525620824469512211425362614972579777623101289679103423840663403345216653853239858343883974303199535878435244864551252857965186793873686584948119543791622871414243604679008963949878852217199357015414100797835461239853703732881784399665517697045756435020133707e-31;
Solver runtime  = 1874;
