terminateReason = "maxIterations exceeded";
primalObjective = -140679350178234.632092137009103355567756891000860244318629713839778451836187669580826818171726480731595483838216595271819096228407798325937709857499489444514129894769792390582485268413434520920062034826593968485352553353475316179151832203361879171522106173401054391704408353596817447774098824489125355613585334;
dualObjective   = -603375476894134971550671.5577917650544202802048966628528768336784784556399294966064512997644720474986292113361689030264475205777158587398831114336821342624298792495559552016636493376575177776348134202970284200331906531549414467441312696667563756406891290781535300582478247946527496970540972682133093170021940214;
dualityGap      = 0.9999999995336921849406964315752326524348260714901158916005088408947165638699350102382056540706716955496792443517534515862402459778419373435902526694497300073490919251090335038786614014551672811499317195682062516512581299803399091140753756251626017202731926815724375533001670712881430203471020780591851212201355;
primalError     = 25441626475140828662.64369021243374999526123692887738084516253647758952207661478164522194400693988398566664863745988582662445491505603616564186625419353310722614741500563197694100173808811160594760335090748412634554084626897391828262613513155319299354810686431263181561215628260252861218658629300502707376242794;
dualError       = 22038057113821638599.38051191594109231924291586696003707373708984932285254523977896604764435135057950185489141530315990303508007811046598299525935752322861182459372367136659763315068452904572545534287252016199864185925916799443516627584526594284781489636870623464814448173138418628386427571118492817404571292757;
Solver runtime  = 65;
