terminateReason = "found primal-dual optimal solution";
primalObjective = -0.2692165913966433634531202906727277370598001500812303896606642275459318277459183380065422284229062012889588591231866312109551341415240374314406546747642641463653982810373567196041395333840166867358707326031061711395006529615826269554196067570027631688729079365462563728563926649976302531608377124333619505436648;
dualObjective   = -0.2692165913966442900636752649341995587002169286957504042941540289731494252922889970423051802254838062892389613987449123198611164945589921844262031895812820588600603643529823085110518522082730090413726246800014968595172352404098927213948061587175116556057801309305180041903935824074486067271877454910450924799406;
dualityGap      = 9.266105549742614718216404167786145200146334898014272175975463706590357629518025776050002801022755582811089059823530349547529855485148170179124946620833156255889069123188242563223055018920768953257200165822788272657659751994017147484867328721943842616313340009174098183535663500330576831419362757418770853452081e-16;
primalError     = 5.382474691001701166238822226198849180093234743983761636944172518130014150808717619970190685996905703205323836129940496965677868323331347289277805454759449366815125467858809106322319890763620934237237981201972805758590842166978755493895111407149799210178319557922476873993299951875688644485733952590945453590656e-80;
dualError       = 5.515077761810211282851393569849201241831800359981660429218151702445543959892918186421708296511293545037179714985545307403650025796478388571592091418803699753905014716309829658819222687654155644448061062885011062204681184291720627441985446615090449708671286357769110712747434211344413321142894475831918644603085e-187;
Solver runtime  = 5989;
