terminateReason = "found primal-dual optimal solution";
primalObjective = -0.04838506453847682402163866965087967703325492770679951665020586569521178808835377945294293660078616034669194094238502470704475739620257782503105634501968529533455829675920135579851189949610254918774772384429972911285758911790433956833068884304375151890847982055664236899972716158887644475200139010323801553741177;
dualObjective   = -0.04838506453847682402163866965143518126905185417381893648862212659095540019071057305858619682039857980504139333928231594585324713315383450952219721566246210776075999800707824328045458086533530813772310287375601518237870042924250548949655490574596521850984191333464355335249692046984211787737637633670468710323895;
dualityGap      = 5.555042357969264670194198384162608957436121023567936056432602196124194583494523968972912388084897369512566844911408706427768124262017012478768874819426813692327589499753790294562860695211113113381659211658660627022136996013620927780011843527697588809656731253749862334666715658271782751916813039423381973619449e-31;
primalError     = 1.536211215166103137193489814668000152728938866648052685600805036529715231035754227046855620986915153353477167850043390412400196097660341533726691321925200986009985404521578483905521038498836644304261399329185640944568544795610007930421982038213467905156005148540007005678886051976832518934802354701487479815883e-249;
dualError       = 5.117509233084573492726524064348005506126394114466792350050489881425167190980094635976966548164642571407810188834280810982116643117795889872996958444361127642260857125000001022703133104132878550988425350769406891831419827887820621334742721370587288042965578731095278948852422621948547944414405203825133462950619e-77;
Solver runtime  = 2698;
