terminateReason = "found primal-dual optimal solution";
primalObjective = -0.386445314725359691792637945738392303275173291719899236879516617827796702077328673949325004785809026948811046265757931441535431957604872291333392182813278699557270225222730943474914183437720154849935338288957065934153570991341824001379244808405512637804317480697231149570013269759132846039757320659775386328989;
dualObjective   = -0.3864453147253605818610798788211722264398972625491074610441179378419435621765104793818874888001313014334028169866422486406922834669995328019629367583108399328943168185560798983208783123383761561387964603988475382762117701306182363757660378431060390913267496980257210866567013186449810263072364162674782584208302;
dualityGap      = 8.900684419330827799231647239708292082241646013200141468600991818054325624840143222744845917707208843171991568515093946605106295445754975612333370465933333489548459641289006560012888611221098904723420581991392764123743867930347005264535224322173284899370866880488858481802674790956077028720918412596929597025961e-16;
primalError     = 3.511553480750535915117987364622499861927040662116857269759404172497283399580433216169966821775450334874682205606136999379536915661801033460581384485527603850649717357504198801906148573525528116349300445163204630577485752188491544991282574737166334960975296121683142704749079256183216049997949122469295709994293e-43;
dualError       = 4.260857115692771629901512149254567261688359769399675898858315833801903035915758533084384304229158183058641254538474870408876025883617855176677751494397286812148974596437085189246894416972412655728613709087574070149452970646215915282670894589116994697172963341477779826549196846225918972630034623567710193333693e-284;
Solver runtime  = 7;
