terminateReason = "found primal-dual optimal solution";
primalObjective = 0.002740020410543954195250574537226743554801932243829034192115273754948436007002345941232416935449365128405254913033854252150246491733428454845043215323391264043630165158612903374066371069162097977089369009238704235098001139525381728404157634109267683858975089803759552543658577186087795867321613878725261679448433;
dualObjective   = 0.002740020410543538739067592834121085457082211783219782491160593940049795212952371498064492034397226360381666749739647436457636228324185991824795972255047817585853250879191460035337674766702476676273732917172256684644052689707955832644350937368653767994085137831055802033328107742446889911539578162234546263905298;
dualityGap      = 4.154561829817031056580977197204606092517009546798148986407940499744431679249010521387680235881632942068156926102634092424630202472430683434464577769142794214433387286963024596213008156360920664475504539484498174258957598066967406139158648899519727037505103304694436409059557820357164907154155431350633272828908e-16;
primalError     = 1.045268174206060911722334928748567117711381149082745355026950152233062386889952999501255167887720081843621429461306289678330277008056897612998497024119441140363045570443716571120867431922082873758647075964548766553828981119313350198307978043918433878624151555680092128564322993316074090288878605133455015314675e-43;
dualError       = 6.268867496246064013345823966289223304965733568219190315091237892839935838835242568608159600395309158631868185557793893924139203909906728961752641763404856837223494236220710957886434942597188440350863239225549273201657695152433059532925553964047529576627237170980192237307171723600922560260634320287055387974366e-281;
Solver runtime  = 7;
