terminateReason = "found primal-dual optimal solution";
primalObjective = -0.3915952522550311202254973877344454226493267039565115985212126042867964173914835168647956944958360300827953985078842135086734603302911953118335869056238268249764845745342564411219650107473909454804761892481080693494927577206906559064158458934748013309868649184660693116428287947600401007746248792528677278117826;
dualObjective   = -0.3915952522550320449927040512934860288409540540667450288328341980398068996502938855377703453885479972294916093293099764824860172091065991902510864486271953798827960801046442136594425568501540252552273994762103119724692819360178427676166025782370271772337971096783884969018505205316170162595160631357867130091793;
dualityGap      = 9.247672066635590406061916273501102334303116215937530104822588103686729746508927119671466962108214257629738125568788154038784174995430033685549063115055703877725374775461027630797747512102281022426229765242153271868612007566847622258462469321912123191852590217257715769154848911838829189851973967414019681658209e-16;
primalError     = 4.068305581789712516073395262683575268455028866155640920571269785439730559033361547622189343921803622167381088681770097806784214500667336718022606871046306270592857305998097681062039880668673021974218290346867364817199739559225695503498058964731532447113822714756663385780390958774308622904628440727462103586257e-43;
dualError       = 2.701188167116926191442986656363076169123093910238276567772155730547091189300332332806580264190208506997626877138701651800155687287926104319314455677351116904287356720734098818333671889575613986711941096777069978407631999856019356177133489559882762805194226860853946801330148284577447428497142966133113507235454e-284;
Solver runtime  = 7;
