terminateReason = "found primal-dual optimal solution";
primalObjective = 0.2635999552070924553791892416097207328247324606050523605878683525536605918851786532560086533880960312207150212221093823673081242976649320610619412997069551473946082865271113638421736650880275391267122355662669403621765908102008275400131338853875071687716831184187158788189019164052988529988591659477255881081949;
dualObjective   = 0.2635999552070918621480347401063721786879899716496150780231398124456604804125247550774604037298986888355675230704501186144291774329017290294739593689705821229670448876895903277067598534848051846328498116611235693537735974190956897944988971100746012038523224515605686462476039047669785632370353732472611683784026;
dualityGap      = 5.932311545015033485541367424889554372825647285401080001114726538981785482496581973423851474981516592637528789468647632030315879819307363730244275633988375210361354138116032223544938624239051433710084029933911051377455142367753129059649193606668581472325712980116383202897618237927004644197297922874650733078761e-16;
primalError     = 1.536406315108153612379758832608064655846873925387079462584143280117488200870120259881125718178936433190325970490278048165158079170830243229341454694278761384552587366164932441689654717750071295928200888919648843945811617141888275383569727415871977150143609736101732787166340334926810968478638578131197152899294e-43;
dualError       = 3.816766167991015250404754529230242794343292248424527461046501334423955038054779944827351336406600654911264890457712606170296653992273291867106851155170400148408623620232471430274600481714949966618896710073431958323038279055579265144231810994007944087588926355160008614230193429667007124358150417793267508615862e-284;
Solver runtime  = 7;
