terminateReason = "found primal-dual optimal solution";
primalObjective = -0.1032710324342160000680913024678145827215587291022522598682749243950937960589174718967832349815662261043180473646512957061519823736912744203067445980663007082018301237630960276534722404202610017195958953973936495063906627053975306017039053037522047108540348480077384718386673166326950017846239252997634068142384;
dualObjective   = -0.1032710324342169727627830894973001795714449835426991399817507510813398154538935992355371507714657179333986538985098701049610659128497562787213631933191005014967636787580691920032568542727075727173509475432519206079561960292619935999389558265466982096782918072513763344945034817630112421696553319086349111181705;
dualityGap      = 9.726946917870294855968498862544404468801134758266862460193949761273387539157898994918290806065338585743988090835391584818584146185952527997932949335549949731643497846138524465709977550521458582711015655333238644629982350505227944934988242569592436378626558361651303162403850314066088715043039320238098671866818e-16;
primalError     = 2.555170977938068719327799259926871498561246290587650300097789697700277680340401637353614088364121099762640277109341777524960009094192881706641790717127289812298672141198041246533618630971729077305521906711003352825124498746253623061919944410351090989113303326993100186267661210035349065745509834170143445053617e-289;
dualError       = 2.146111977127593311581027870519855308465523588557499837126199657892796069249812461048668388237611274986275206967503197525927458718612131644174213271925978610964392090984484375765675187545101852959491035144230334810267512527062347397299984633822145573216629367532001105920227158221233959997299994200365091191337e-40;
Solver runtime  = 769;
