terminateReason = "found primal-dual optimal solution";
primalObjective = -0.02079975011868525360378091254939896986791013460291268233862231105843557609975264647015923069724867770151925628508102822980806054273119122197797460918199877950244764518700712605839964699386409477284057693060983353625666562280816007998896783896641020246220622590906719519040493471831690687324398566775018556906902;
dualObjective   = -0.02079975011868588258914103887768267548085207467025198819779462216636489836030811331639909658417630173771950100910363983026696651456996538734425089097341328531277773080956870642972873054437302107855920597212150482067795052559772162550729413288250217966208263191079687482145631577739692146459479091763623968142911;
dualityGap      = 6.289853601263282837056129419400673393058591723111079293222605554668462398658869276240362002447240226116004589059718387741653662762817914145058103300856225615803713290835505089263057186290415116712844212849027895615455183262939160919771998764060017296796310513810590800145913508052498860541123600894407482139929e-16;
primalError     = 1.677531051931549891706340548381128715200431315688164960117189047474735098718769454276732070934730657365448575685945781610799983969500768148144985631547601582506122161686347216214874969124243212228373116367473434365767068781156474547492835011426744181636860206261873787201880817981033833775950807762254286759577e-43;
dualError       = 2.475059245267841723285297951952122439502225693350867397399590129860455424406777344316231036573590044223188142991636308479856032386008640111060661267607720647098698630339866296538228428874156732019803357266258143094218669952643251397348104287184067033722399758759549502626847920103970085911832467363903173969589e-284;
Solver runtime  = 7;
