terminateReason = "found primal-dual optimal solution";
primalObjective = 0.004532456344108510950805918798543268251111000487550661844211421889126616770790387314522372058857244717984789095487490512994876184414512654757569538770101263966582393699769482744995846701743748073866296205503286662694289584740723781174978081494652388352656195815774849093263835857435716873305692856465669257380538;
dualObjective   = 0.004532461924390701709176386205323532049815179663709049822937260071223584777653553230419263795525307973148601701101072792645986819892981160005612297791165745054435353086644661398611386650271340954000527920067569662574243020507639436091971953029049350488472351535285374881025662323835218632641103665217705270090805;
dualityGap      = 5.580282190758370467406780263798704179176158387978725838182096968006863165915896891736668063255163812605613582279651110635478468505248042759021064481087852959386875178653615539948527592880134231714564282999879953435766915654916993871534396962135816155719510525787761826466399501759335410808752036012710266868239e-09;
primalError     = 4.78716346736561671455724345102454762986698293940803293494065390134932068518177983565323377394894947501708841080584543796139601898786376960265245306458176764873702198578100062262024834745355926283965317767500778182868191168498710483105641977018053449608016234789778260904138410172320392868397616030226494888573e-34;
dualError       = 2.633437722583230083618145623432843488242468184742080097537088413583043628988315757552197206591791950387923071256043726168555368454655732353871103573969587085875708156666487103347862503079222533274782629049694481086282353006467336605698510451772614518616858537648789102830535707731581316739311875285869936971439e-33;
Solver runtime  = 3160;
