terminateReason = "found primal-dual optimal solution";
primalObjective = -0.3967451897847032840547646061328512919618232738618755806702784343921634581958580235905426255833397774790946387218902378025524490138309054689465620831699293799839732466975274969045474139541699605436038822684457070174004638094788218814054133508697350691035351557711105963406500962291403930358863093984674309698874;
dualObjective   = -0.3967451897847041181410207068760358294701796664025321931033151419654044631836513738859131760948210410750923612273133537695571733098621484193803088727555528143347692942108560598670918342303063717445866668131704452452129116409965041573371595033302862962467065291527342642821463835828584998908926789686478512114458;
dualityGap      = 8.340862561007431845375083563925406566124330367075732410049877933502953705505114812635959977225054231159670047242960312429504337467895856234343507960475133285629625444202761364112009827845447247382278124478315176822759317461524605512271431713733816236679414962873537181068550063695701804202415584351167467184514e-16;
primalError     = 1.364163623310790515708069272401441935008738752417899651232768832338885144375309202496390805492884561538079235837681617469686315477689738828651951581991702845584096764863696921542831344158634866760633604308007008599293647525908605160704129495626206681207635270696564216575335144609471766504224012572601713669794e-41;
dualError       = 5.844652176623546342334841040498224932332366663849746818710745366755666776719505286610460426796288050874897230398307055742693285378202761956731675256141657032428245149981610795975465411319476921100215897921518308972633866335871332728572699070919920903517767831766546209048805403352310098248533780668918421305646e-285;
Solver runtime  = 7;
