terminateReason = "found primal-dual optimal solution";
primalObjective = 0.003471386840753939031834498290692715546901488071481786754406716060046059344457381948879664623548007298962248870933445682318723221354826414064200697618226466055321384063938318821108974136757059815785234010770055752945198750004247730430440982541303198985886894800607394777513612394153852950171638872821146835196021;
dualObjective   = 0.003471386840753602399391235049627934478342665567970216867956976402483295714321124749348105913952525568753807497260636792171223895641614447609048244789590722420047551916971970688425532110789637070055212238995599166574262572925420659760616207234512685485177116936122234071565039934657829785060864591425309638397451;
dualityGap      = 3.366324432632410647810685588225035115698864497396575627636301362571995315587095954817302084413736728088901474993257132119664551524528286357436352738321469663481326834420259674227457300217717744565863709361770788270706698247753067905135007097778644851607059485724594960231651107742813958371967985698718432597931e-16;
primalError     = 7.994245355812380905495557618337909794401115305006183984952945623375996373391868542708390724984654465175706350069281533957893117145784245356813702907144864122084770472751725491892233646531818626613558730517052728334134861366126360892005234738002991714486962098823059226765439351991506594324979680114888845976292e-44;
dualError       = 2.172137714674802295255570339904334422232069657866392516389782754079056746557153742287787109066820944767802602582325569124853896429181875314464120367216632541723832124540751137718291667262655951456884497554768310642638971700291340002784689976375522692906785015034040306175175097425729623173264608336712386153485e-281;
Solver runtime  = 7;
