terminateReason = "found primal-dual optimal solution";
primalObjective = -93.0833321606829582547241612118698231891428973559322975996812588455779610820665620876948741252890925995422308589512913757238440013405853450246360980684688485210126537879289457023898542841623770797737313457582801293878273050085119530232805717780011534788061541328766730531581984630759367198062382645523792210517;
dualObjective   = -93.08333337159260651415826010137538445103979819308108751491985807839531991727502346669751926298406237642335778628100794533496576732860154102423186070698579784771516937956745134670346405646241011042881207191936839207107903473047383239885837872688561545682974978930404851823655752502518795691948663382434826731454;
dualityGap      = 6.504438615781618912117357539793817550108803202728137038859058284788227156959458408654665792213485669725053852512880634572627143475213307655912313661060150565066689011649371569120395249067081103141598282309177622259636967083613518734634988631811177819671331649360066991331538395951765116448105017346484979456256e-09;
primalError     = 8.491876254877578772920142814132411496356070189321767812785764758490950391184556322496209775693976818659501943682354776066901708193161490661025570823246897513772945795518978736466457923687788898008955944792379475734501852353887984633312442045796420502006122977861385070880010916606907719062708918792396853396338e-30;
dualError       = 1.319467752510806466329960598306451473736324280428616993296368731492376597982327399217827693366964582475881998537364262768033322587024711636642039283696809713979660644775356370040462528410473501216072322699137273198463365299440919441762325214368291588005430729490479677197512811958249358587103034904412614030366e-28;
Solver runtime  = 4958;
