terminateReason = "found primal-dual optimal solution";
primalObjective = -0.01049987505934203065906409809542330274772002784109514103076098782510139384085697762295605604035899855297763183147351760324837661118265317703992678702298673187277661634263913441126273377595104497503413737584787088193219026262129123692228006700537737247176565613008795555500410329439052558169685715193659241379869;
dualObjective   = -0.0104998750593429678016496011595540110991203190709407575003427030104063356197724705781899981701596178707003348898945007812900553374586387570695115480026116671457545999740676967597609360694924417823330946490164475312910771821825106621609141642181640400919594559916422275727803289704711559486604403665113142917772;
dualityGap      = 9.371425855030641307083514002912298456164695817151853049417789154929552339421298006193177227030584209831780416787262759855800295847609796249352729779836314285623484982022935413968072989572731685766493588869195612194252386340972127866676201937998615542720177762256760806303669635832145747218779785104959163802908e-16;
primalError     = 3.054543231922710892443386826869954288549392198472233491245564207098938648358415401738003263804276853553508504364042832174707724209163037260300863689716694095451715560260963253395280311443818365862640357660706158917631480072420288979365144726651651749780897826339779575473333908030557906438305581530852703566076e-43;
dualError       = 3.727475022351473639858114323265693175723173604433589738293344234076686064587618664320967283641489050098343732246109867673921805026083984595266315310953850104933155653966228676869005344902304326649050495157550007703031381382311669779582315409232503363693687595371623104144364086367736724831886866137882252638925e-284;
Solver runtime  = 7;
