terminateReason = "found primal-dual optimal solution";
primalObjective = -0.1984725948923511189549166754786623993128097703790443610391760754050977419415288079756145732869494842060136684632069916466661872388630769442707748457382855539779084210668392620313787826372348117451995962450437110296246085580088280248355684502959911026748652436444865410987432954423058167980826936847436207210669;
dualObjective   = -0.1984725948923517484881460966178692799711997912465626402424722860556068990338287987092814776017050883988931220151904464602012417526774924147155484624207395505793367063978801618514205958736228650778454826227695417355471069193875712523423974865642786943341507218551989218361506511094352775733611860953566350437651;
dualityGap      = 6.295332294211392068806583900208675182792032962106505091570922999907336669043147556041928794535519834548135350545138144154704447736166824539966014282853310408998200418132363880533326458863777258307059224983613787432275068290362682875916592854782107123807374073556671294607752784924106130143226981751643239349602e-16;
primalError     = 1.773588122210211890679171263170658263011904715890680851233668693360370781191328928369151420297632703542318884634521704153748450804809290934443107744236712668080250372482711733637321679442343263222124678732397849092320403954924085930950215408326779213155199648947760454882583696427978339411018288340411913722177e-43;
dualError       = 5.27182122085966145488522299242036525419173240630448284542946884181852005901498116216135354147035894838774706151044111530493015715381962648429091013594995994037106017944342595965337202639304444233889356462531268441556516068272395004776502822195000212789651678044669005671448308667849319398726599017076190747636e-284;
Solver runtime  = 7;
