terminateReason = "found primal-dual optimal solution";
primalObjective = -0.3735704709011815146439667232388942680175474175215902459358690790621758371764072277820246287500894032566535983077941475183513223955118737192194745324097498151916922793874253677640337980845234641999629206418734923993470383281533047663193017952457834614528423344393675693457073321761864707734783634765629471187177;
dualObjective   = -0.3735704709011818754367144951004331344040444517712802854457631205078212082690224131446928380813291988395471564682686883816381796163574963827387662171803486022224474562257757382222524174678550586559040665058263127805341496774818247282286313471936352200162797567957403148777355753702053605154882735165895207276763;
dualityGap      = 3.607927477718615388663864970342496900395098940414456453710926151853626682093312397955828935581604745408632868572208456226635192916847705987870307551768383503704582186193833315944559411458639528203811871113493285199619093295519478517585634374223563727455320282431940188897420099100400265736089586166952518110581e-16;
primalError     = 8.579607276883568318319089111123696921645324261505297976063433853544631292256016650090779712532133204261237792328492642743874090040094527543879269987477268560472867754229858014050301272797715989641223400257892406890074889243666169250167654524404909396158258302608097134660497636093809235694647322177391352450939e-44;
dualError       = 3.781303196763306298428661638090822085876044006136289583634854466945618660357209344169100526504661494601181737254868326349287864671015249919584026003651713894249590614870642801693813782848497204807147632422820571678332235642050771322160252870437283818167133588707364333959041347884836746046519806042762745613679e-284;
Solver runtime  = 7;
