terminateReason = "maxIterations exceeded";
primalObjective = -105629799657867466114231334.2996084306324994709259572658697476919113693837634309295846882502804632516597321424028177425261189293883649201054107893983144967719039082388662920813921881581337595530119272244992071224942371064487256130222075535919666935724567762601076580508300479201464391995287198394707176128683063;
dualObjective   = -0.06061780515858374946897482823252180239369502318150452772794516917413249254967454369759500396402132444539422695334918199402063917833086571911177176376692073538017308611398148466339574790139039961138744149696176078216113742002727382762477163524238565381224939097711868924511497209798193715660630612535280111111614;
dualityGap      = 0.9999999999999999999999999988522593935627360757861935371424234068800574122369668291970212032446256234870001704085265263271075736226177063660867996145977381155877494933875992443061619550169696771488096744637872906287695015958470667597699753497180685638888669534317154713018097011018301621344292292908375818146697;
primalError     = 14790420455203483143.93440849117386880279661241626744970023554819477455047855488525190927461724519318063498164080080722463711061235464461634416197578264065689841864424018800417551409309320539244665405478374775747729808172151712079853331716066056442516091537709773776854279252206748958817447217823886461797268395;
dualError       = 120344876034464945281.2790876709801267093732846423306745735050707901282979411501611064331645932471734982367959818192849924998869647993424740893843389800929888773546900547602219084492557107629568688653517429640962884808306931806063581558591908475289749438256074326663805856371695636432147891941048053083342225969;
Solver runtime  = 16;
