terminateReason = "found primal-dual optimal solution";
primalObjective = -0.376145439666016748141383425939902336573258788477290721214511525371585137216124398483621555925143288278115920126312053036086096759976332862065971225087020941798363338951171770240051273832939363514270571088556815949482518844210200405872633825018388111229472551327759504203997746529543485196934711566795788581122;
dualObjective   = -0.3761454396660176583585983361294974059364125742310409745820929991449794006256914666472251151455787025052400737630543277213635897308252991961557518975226923711823483441578989951436211689752699095085750344477180050971550977533184085343031643576828144697785446847273498287297438383771026619544527843939083337415005;
dualityGap      = 9.10217214910189595069363153785753750253367581473773394263409567068163603559220435414227124153636742274685277492970848966334089780672435671429383985005206727224903569895142330545994304463359161189147672578909108208128430530532664426358549072133399590324525746091847559176757518072827112545160378520089319068772e-16;
primalError     = 2.592479077193441117236910574892003120314610967129597853548590961918202168305015192136668841638092603514761381691310381964623132509728922611389868473195512006206742368134068545430048697290769211111271295728899622267073134834657172389205391521445928659502232530618713813356714563812826803529156383995994899641999e-43;
dualError       = 4.469736847679783554787058175367251086959191549159508378046646769774634600227656847303984057167159017381864246078039187947436559278868852543744902318831123801818902031056899907409656393033115374912126269085424362629430737214346665781160670634216586462159091018356996868983678588435394558088610127723869982041762e-284;
Solver runtime  = 7;
