terminateReason = "found primal-dual optimal solution";
primalObjective = 0.3485502005269191611181449576968326091654257929156410169280330251130340639952574941212225642146607150325393362039431621759057139698178149867594189531348875179392749926777145503831921065131331731088335180634474854595161108929408456106333376440722828718808325258590120985030216124373353020363823846007502019663315;
dualObjective   = 0.3485502005269188591477726543445508782941067715346867026224043246578820965535289218629823839564635324500967073754366163567208475180885913165315201308049532892896617463976840124978823469970617243040840505168393121441565965189704370238952044751745701856921371953966176556400950009329655354286575335958803249145163;
dualityGap      = 3.019703723033522817308713190213809543143056287004551519674417285722582401802581971825824426288285065458191848664517292236702278988223299342286496132462800305378853097595160714488047494675466081733153595143739704085867381331688977126861886953304623944428629266115043697666077248510048698770518151384403267370565e-16;
primalError     = 5.949950868639647414411047175136614137886137532910483343840463545111490995737206804553787192523651175169977881985976945416270459568176310489405547987649726840477275724682220465402223384533133892474994718408093092173298175989350450733879653217032331524149126391118145187205970832183601029216706940141903567320449e-44;
dualError       = 4.183929673122139150671533592231132851974143295464333482691163200401710879189052674597693582018003363219017189642129427929778846638203815314182974793931730557888635426734226484110853758008966550481643727063122931800773218251825619422549647428887566563903610210655273882967762024440512522171497200953470788281433e-285;
Solver runtime  = 7;
