terminateReason = "found primal-dual optimal solution";
primalObjective = 0.3443670819609665915479281386872309189190682473739607094140283126285341942837071339919648800493749080599233778371357197492855737022030340779402145697026920343355590097563680196422369023771269182252259388989483779568398505232943665672203971347518706186990164952143540348059070376461520360690946346857332513109231;
dualObjective   = 0.3443670819609656333297001628393373092809870024981489238991859955726115607571895606772117605321077662791562576776832637932878721077654939630865900294643568722804732970837309088536004975262008174915026598588351175256245057203254134989403923366916457022042681538220405443957414588924407149415430415930548104952598;
dualityGap      = 9.582182279758478936096380812448758117855148423170559226335265175733147531195172671417807671201594524559559977015944375401148536245402383351620550857126726371107886364048509261007337232790401132604312153448029689530682800047980602249164947483413923134904101655787537113211275515930926784408156632968727126486383e-16;
primalError     = 2.439332075558878134329318729157214657092229584573602669170459466968031346435020179440649581971399011333267200346222050229095400280619342153091074527692422634555021372447999277764898846784223567524926387934631249307166134539741334788866531970930667330924347333042689684605159389677580970968580615691164960983679e-43;
dualError       = 7.602983787701815989996325789595790139094275244836597957367630378813386473066889993659341427617279208989362555241078497946407057645641677066017581884946593225206225868130750112689333829314205901182434156596943802790993333735555093466181450482258866060970193983787271739844865216758265456598234728894942853138677e-285;
Solver runtime  = 7;
