terminateReason = "found primal-dual optimal solution";
primalObjective = 0.1954868836420308443590756493159784335801177161514148256564464663188635398952610664955849083521419634979081803190140420901065690072809362478912948966563642121997918822712531938400795555178272623463623388691126993586942200443229647531202221669024670583793281659918846300708120345391862787832655585407816010191381;
dualObjective   = 0.1954868836420299997947600431638213284662584945252943605509425133108465361549172354522609118197787683660792371179502151990226393301685453552931808066114822295400257330202401081768151439830786613501198251393508757981189612905920840460124946035747177430793913090950029246375844271585654710384681367689341518805877;
dualityGap      = 8.445643156061521571051138592216261204651055039530080170037403438310433239965323631951318289432010638268910839296771123908925981140900448819826597661492510130856632644115347486009962425137297618235605752587537308807071077275633277493152999368568968817054332276073806208077447974217718474491385504722879942814795e-16;
primalError     = 2.559452980119094287216116861637903960513925657863276699055868350404891132944747685080798624627973236935333977384995437894536088461314050038725615433366451177517209576360076650909509386593837990676521013456789840372512370846848826820249942924508705230744320360282637135913724252008881486167099534108362035621511e-43;
dualError       = 1.228491022929037232773791570883327486770589583227553716305687331573288254239425265275354048511573067009971872956040221243040511140665809466885161764114646098800435723819988802048424708486041706879555824307019820862039914270876991820521161745469890810099215709005725575029177508517197140663103734819772898313077e-283;
Solver runtime  = 7;
