terminateReason = "found primal-dual optimal solution";
primalObjective = -359.9856503432732803708461099535570393764355250899810626589648036143571830142153246406836709845954956862514360725010383008670396974143646815711254547389785129006166842182461713510273674344525695186421407864179993762055755151311341114404969910928623183305330384732875325621442171432311527763789248790489299555186;
dualObjective   = -359.9856551020069188902061637587565018220580280665851050680765883603704231125286155777358688007560198408818435673239322185876468913879752385262810505289622853393051040378764308514977536671564446357620163544875185325375553577560831117282863610527807367352053595912195159729028629224311479091452511224864874296683;
dualityGap      = 6.609615692359057367255185835006157436980500436627705465123320877484085405440758389514220029403785517497892761204426847868822909544811877118680873343284791480989953769732510597719889170843959484855242759593965411727021764133940695437296129277981479757653784221685353554422215408468597178991626097210249535890464e-09;
primalError     = 9.462129669040423291957839469818601342404979228729109244730698425278868775310138967687886296447454655143283332951202986371200544099789054117946094864214392833155764343637462721681435540760979159400229173964938108833371616637396400835744158929431825190705480811266038547237236320263258322323659676757836885331591e-29;
dualError       = 7.614614561922112126428934786494263279513953471307442744143067327941293814652954177591538426743172002406620839920215107751930892952473100604986647760504077844388923298409701976474450702638319638251782424087666182237583110269300479069075062111104184550919264405977992704507447804377002936530274644930537143851918e-28;
Solver runtime  = 5096;
