terminateReason = "found primal-dual optimal solution";
primalObjective = 0.3806536909018950704725175736085041646955468743391961915449473662440152408504334968815258329617883823120412188130716985529007378635966061548903198396853657320039348397672901184510031556012161638973854112193440701342332623572966202686532971581965649359284939633603102157402092106040010445870710428422087009589683;
dualObjective   = 0.3806536909018946362345477762622327722228800033073867831312949025621754314498701947674027238101242299874484717002039817045710166912210056806574812009771141813701607110841708569171706829753692499495564298828499456111384680369134299167612155761479713851535570779059902307298916078395528671446509706220763074213359;
dualityGap      = 4.342379697973462713924726668710318094084136524636818398094005633021141231091516641523245927471128677168483297211723756004742328386387082515506337741286831192615338324726258469139478289813364941245230947943203831903518920815820485935507749368854543199850103176027644481774424200722201323935376324389922511498527e-16;
primalError     = 1.293097394799760115369968837006816314394814886351468974648452689911382238890314177297871997588302600815334992942163638636269026058452976511321719216757208096175493201238953423393206011306651600368714878470011304353209243927397468941858480896078742291847374947178956145947837603831511224295413733083399312285388e-43;
dualError       = 4.771893742960756268150492761791304098922429753202224092019375899196300281824384422512121236501692229382740536266665216138863992336933953920265288688032412362506681130646950711457644577846071411559796531878006160008042304324129067864674330772166251700611889858647855090148716543060214317294927084122319317419511e-286;
Solver runtime  = 8;
