terminateReason = "found primal-dual optimal solution";
primalObjective = 0.05932420332098368976720834454199262901850671150604747215323319978782599771069904116059884037940074540558147035785828984050562352837586033708515862689870620342135973940684694924797821092285712128975613941133357466861700679018478766534634720627191876834052394501643255317308947247318619728020661789681789717809857;
dualObjective   = 0.05932420332098317598719650613316094295072141343097115075946962281562550123609092872962264402186201685520780860872937756082964881861606135787377590985095792638538895825072010767962430743151126102273194806152799316064552096306919147797509958498808197735536196488356577086793289123399795193228942087950098977552895;
dualityGap      = 5.137800118384088316860677852980750763213937635769722004964746081124309761963575387285503736617491289122796759747097597989792113827170477482770359707811561268415683539034913458602670241913498055815079714858271155961873712476212838367909851619801328667823051565812391882453479171970173169074025696232178495454792e-16;
primalError     = 1.458401117000226107935450558370841099064255116758041730504294888400161915891549380252261752648648080342015058272455467452709068728351708364967743780620385019720596173875511386875230627838221058545922658672905428695720332109634190227320825604858049735137770297446845985307763530174842304742801132807837418642589e-43;
dualError       = 1.148555514761549117086623798358146651929988138535295835829371544805904317339653359166020248659834008420776731646798945516505816838073241196064366778690868558287487877718049128790843814904410797816418735165536790720361660626735247880246612037036106191012802667719506935331540253353273462255556408064028817346188e-282;
Solver runtime  = 7;
