terminateReason = "found primal-dual optimal solution";
primalObjective = -0.005349937529671074767694784182565025999721183457268978223852343576148348978122561318034505119895393416032014762782352559405114259174770184155433056310662033857613485702196196534033193450434650353235862970904116916334348092183912906852808908907629970634317153880951409722368090283079791198903580436249609750181144;
dualObjective   = -0.005349937529671490087593920369864157992435866702847355340637618492250148709790715846844833622736407056683633576658855609232869092831955789701910524679581939581800402302231170804881218646029726419587100961911439352133245022055481921743704117647174308168012938954133864087140665102451877286989538489577964143876335;
dualityGap      = 4.153198991361872991319927146832455783771167852749161017997316681545288103285028410136406516188138765030498277548336571856055464774683689199057241869166000349742708480251955950760663512379910073224357988969298715690148908952087395443375336957850731824543647725748193720860880859580533283543936951912655177321937e-16;
primalError     = 1.288720195554827931878509218093480194516024594010794947147513996636012049019703052179549604540721291734563527968188085129235571781050945281444436319691247465836182391550612540491962794388760403518079425264801351347365584110882453875247987093447025265262622584969506092335748722322365054749815928116338493861548e-43;
dualError       = 4.250400699281101751072232889023122462619248071456198093433884143135519565586374108156385778716268111202705453984967903200093972305659189170630350214300578400490446749687790402283160086754246308484373159001240057475735236021352137640675163961448535649198328387276847083776720292812332787525382806324000494354732e-284;
Solver runtime  = 7;
