terminateReason = "found primal-dual optimal solution";
primalObjective = -0.3812953771956883300851776310499953294412607398843510892210749715210012697469918222308595291628645531313914264009181046827470135190866551452612931190302870463434176620845485994484381694783452194647343137937900707081034808579520768065512749000893951197229485625960376706209160480639024883617963581470171205149445;
dualObjective   = -0.3812953771956891167432967001853638226513359973381268625658333997120648857644469570851438637328141364246129506089277616029628732440685400386819404572583469896953022843831828421634837915995402203867408449209522990120132426193891478038766934696858586937609563028070783834384002200369579688606084913662091667797006;
dualityGap      = 7.866581190691353684932100752574537757733447584281910636160174551348542843345699495832932215242080096569202158597249818848934206473382280599433518846222986342427150456221211950009220065311271622283039097617614370709973254185695964635740380077402110407128174841719730554804988121332191920462647560991513260157826e-16;
primalError     = 2.854287502534669600658812963017335437736313447633260402583988115299557178959925238630099433007631398362326186590732215505083224917877381655633555188931337244281271413716862181057124905699565894601883004230233440131451375215598621045699739280082411325386274882517073262269533730594470315063729401170894242452952e-43;
dualError       = 7.227538397874524100065214805599865845460271985630636639966750852997719994118530183090710797688512101385844540950725440004156999787658700268330222981471240267881969569299000037259932027193137459993467276659508760998473349658147652227221577154720042418282839359981245855717894978269358279544532778281208269329548e-284;
Solver runtime  = 7;
