terminateReason = "found primal-dual optimal solution";
primalObjective = -0.04103927497806991400609680259335421129586271452595752958947230659539318240490104581564481063003873804192404034099220046280742235821189592332108807868901387344413772961724237326582352275566958269667874522903544701462997308727440848298418849162387568038222862540054596128266192793965380776205527667449556599948897;
dualObjective   = -0.0410392749780699140060968025938551321228246376212723051069814432478522149473624538843162985630968561306465503894676773385576243944136437035709800881031828955258922886017110828507159065063102491676766472023470979670280042691098150892344575710496241045225481791980459410913491713114293224270423507531957610849738;
dualityGap      = 5.009208269619230953147755175091366524590325424614080686714879330581180887225100484754768757502020362017477802498920094141690220817545589844687095848923837506406664709979019733116509523980311818354066062502690794257484241403195537974999798086872433717755146649870740787001950854848274536183765858542729325544234e-31;
primalError     = 5.37168877500102969506490497540922927076146607972721339197482633888330358030798686326481862640175123485539173540608817836659314879757216647402728550906985502125118284693521954689336385215989311736133541132570198763591186394834347073263233597142283985458345078541445949471419392939385479058102263693098292059611e-250;
dualError       = 4.473308114258313288262741725153475247789117834078831733509096133582262781080295327362345065035712881068759510025375504286712117228400013702949140667351540653973910810129783861223524157480523547221775320219062043429975459605906989873667109501284818209771819777394239300956150790824449164859631253203959867036317e-77;
Solver runtime  = 2759;
