terminateReason = "found primal-dual optimal solution";
primalObjective = 0.08278595196254335798265064178541228761791707785358577653074488892275400036193430633026942230779220029592334259757794857411378736968690828152613243276070671913013712297057515588206358640975634926957940743687156796965089342185676052912595809204912359883272330253697250812550437929121100127331278732003074701468815;
dualObjective   = 0.08278595196254249035225395782775930161915181486051213500152680503612262950103361859930617840754144377422447854279396000243130716690638639551009555004431116670236833564341466927124021300476401097641106318690634907021758209387443253933119706191640655470142811169155323217841084485666174537589704380281224353004376;
dualityGap      = 8.67630396683957652985998765262993073641529218083886631370860900687730963243900250756521698864054783988571682480202780521886016036882716395552427768787327160486610823373404992338293168344249965218899433311327982327989794761030132717044131295190845419275947093534434549255897415743517218503484644386238311947529e-16;
primalError     = 2.840907462496674646976933235018908862760998122211204397754155116208626450446959485017243022985778364084561714033593997185212774611037191856049659512691889715664700070119510642111901001811940809275005589413904469544080180257070899904607074390388296645731483552490576705307594327188945761445545130213358274438943e-43;
dualError       = 1.710632017923912306924819167643240793418301432543064794575057501905824485796581691912383960768734237700375670483144227937116828483059447978438513851258760084356782144658652255456308089196680362035533939114183161878589500078697706147586592136142947502005815363965107542215330117924377517960877276604536110392528e-282;
Solver runtime  = 7;
