terminateReason = "found primal-dual optimal solution";
primalObjective = 0.000710506130383587653940995690767464225185551021009450471025608349741212080771140435859969000037968246867628393568954138821082560470563676254337799318834761515618578120852960725229841171378468295469803971196664395842063458028923327033488224510341075640996007391266826618224191538157301632444779134503997745957944;
dualObjective   = 0.0007105061303832445974274029872659041995859221977961719987034229654913061018918714046330580816052825909085285594601195419104214351917572907437794618360325528907762041347204438673210854378646102685187803049663865746737982891904856575499029123070515503927481879896088310635282012897767740044800880173211210853329605;
dualityGap      = 3.430565135927035015600255996288232132784723221853842499059788792690312269109184326856559590998341088345969106611252788063855105583374828022086248423739861325168579087557335138580269510236662302778211682651688384376694835853122032895252482478194016579955546959902483805276279646911171828766606249834840812449181e-16;
primalError     = 9.228194877467761578101662625849246060439694587424760908835340547276885300243758838590722780111357109851186585648735251563348185498461462771086079430022900689708049456372013177104315429331685246783503323034653323980264054266550014145133159662110987495978273414077053428746005428206650401726705182650980870775201e-44;
dualError       = 3.763537017171840375927591494056800393846291741081277245686759874199832406971727617865710366050500222655248405157684811211788518112044763838140899617813729403459319106635898026780227480683047575055612738694124927686764596905834958629800743105640839426626717797219357592161894637581591975166836031166050745444975e-281;
Solver runtime  = 7;
