terminateReason = "found primal-dual optimal solution";
primalObjective = 0.375668927276456856063367374110110587244394944085615757664345655975090839535561941981716579721833612034743676252244539259323987992889830302318815514208450429788865955941019663953133062612720404199196945764050734499097945474120686225110638851976147534005728410041104149970583993917020260358855857553622919667349;
dualObjective   = 0.3756689272764561269625284240174865213594518295368256897305381195935033984176410147451682174362015885741122471929347823078503605978767813336120928054817970219455983708321885912665574402452012487824973593552929674768017105475486478571887376619622454248102235207099945472531663410932586692356997235677563965583482;
dualityGap      = 7.291008389500926240658849431145487900679338075363815874411179209272365483622856320234606314290593097569514736273950130489687067227087266534078432675851088310726865756223675191554166995864087577670222962349265720383679219011900139021091955048893311096027174176528237615911231561339858665231090008065854480341246e-16;
primalError     = 2.585692356489433999081192218485118596403921913693845494771697846137998045869766996581262112452862041547312844182315838916175520042917192779836538945194813840132562070690537332075903641834161837928928578770506693868894649304603986246280203663100428300520224200231895867121797169553538401646824666122056683453087e-43;
dualError       = 8.262327413786896722495091632893267608762061384605863959816904982904068792961176593079956443717831168240606604275824830542535040902819044478087330879230667349638762687987196701574982824094606506524843354776798350764878585321698273611252482762794957132618413618116442690005763618862985247291802343146409209669586e-286;
Solver runtime  = 7;
