terminateReason = "found primal-dual optimal solution";
primalObjective = 0.0002000000000000063046231398257835000103338632852214758846092573442366568628321062443600842614078591624642453430546950601186977199518510101799836004543310073254696980525993662540066052562590966482274446322647399456793512745311792564954999626893631387031678084586803465262379043204279038599858029397283238110237079;
dualObjective   = 0.0001999999999996553513153170116224032106728970648673422031165313272040770198858332686967123712279044845584124365642665781503090543485543498815196376734296552788707830695613103222084157285625363236324651767858626605095472269783715210326845185054229463344031958968535882173240394051746510274975483620867509579156054;
dualityGap      = 3.509533078228141610967996609662203541336814927260170325798429462729756633718901799546779058329064904284819683886656032966602984639627809013520465989149830380559317981895276965603245949794554788772851698040475528077354628154441839401923687646125618267583089138649152532528324882545776415728531081025664888683284e-16;
primalError     = 1.338596460532905340392480432678715425649200594975862180981063958804726250785060686060668969055367867556750729870229741580784168636417970181925440276611848175631686509907561669411867523584567681486950396524926984461766830486009115476744739230280204407916369645645429661536087544200564618093594500214724625951817e-41;
dualError       = 4.76115668578247300053209215558039190587308311507027544084742924330650692907075383478989773969192982667215394996850900321775018877508782295034967819667922881483111268209293631171242908513936160611256632315143977105319972477497998149894582531163310466797546820497440393845891030881787231938302985540512751925203e-282;
Solver runtime  = 8;
