terminateReason = "found primal-dual optimal solution";
primalObjective = 1.68494292853775462155081725019515356123140455566087593532375409452492249975167919851687275923489710354014758057259790373463795758335923741806769351709593356772869212562917191073505993994886392137885676829859038706548926491380121901625527048036636257412413697155572923341185597081917180717003732536107502758008e-05;
dualObjective   = 1.68494292844490734467954302156213461931361099679853096980447029236350343659449935845454905695874787873628859545695298691400320615886835738494470578735486153386057139290234655486330044117674615335884139983873300925269557185128759301253455029894027654603826245755822077285699726405075366574957569015999207237588e-05;
dualityGap      = 9.284727687127422863301894191779355886234496551928380216141906315717984006232370227614922480385898511564491682063475142449088003312298772974107203386812073272682535587175949877211776802001536845985737781279369306251362600372072018142608602808587451399750846055485870676841814142046163520108295520419984795023244e-16;
primalError     = 5.900639225381848895393392326056952615613300199708405400358364665211360602340008408605807275255793060446047055186540234459678886714686800385193167294205229072001441624786794771189644071174767106765948086012590118565967989644763561237971894172378443724732102743523738158650620174918241864618345751595192750366554e-43;
dualError       = 3.227696670928169648729824344882379338327162066766396307218827956033514244055221466546324439907251227678297177593735234179001453625927192047492441963159743638260729909584134937185978813849300145118987337185281568175758423503038888130277958533970423873828688608115828666296134439179284092017411066945246264624791e-277;
Solver runtime  = 7;
