terminateReason = "found primal-dual optimal solution";
primalObjective = -0.3684205333715099807958828710237304905083326929469162019921939500308045718322452826911745023526843277848867797990617584273071429050337555721656209604118443255112201525070208952827628592349225409502799059424737344747877139700183094072079117677663941821686573690676825115972823074679756385669248022368449870051305;
dualObjective   = -0.3684205333715104156172079293741287761168247939933587403910731395848429638223026948958022795243427209617564240736093133089909300657894501736999652657823527996894971199079118336745039927899547697780831314548390696549065824107662287654555142461723247482946125400182589004736858567890800827516856650642531602691094;
dualityGap      = 4.348213250583503982856084921010464425383988791895540383919900574122046277771716583931768696442745475548816837871607556946015343443053705084741782769674008909383917411335550322288278032255123653351801188684407479193582476024784059305661259551709505763888764035493211044441847608628274081732639789719343118730401e-16;
primalError     = 1.057312195097981048415844351559169353457775951258090489648324280458124767622998108671502871156930977060707873749274191503947327890334498924196556271497796669275534345291982869192304278866491124776403471774226310411095821516124091853743371145123965073010435280808556551699162941220264272170910197702333149422745e-43;
dualError       = 3.66238172282322800846977565310251127833482296802101024762933184873575698884215200903950898642062631370343778118570018133285978371749960404647239127850780152552489373724625740066945693735740175683150469046142065831491665626430884502906399109101932172918511647667445584759465711896526810407885837468244319869383e-284;
Solver runtime  = 7;
