terminateReason = "found primal-dual optimal solution";
primalObjective = -0.08517396923957896926721924389586430643619693751990948198160974951359371179132766489420612347896136104648977218821669057144011891748192043831916787239352923667658847490143040611701856784380770357669034245114699947557578485638911693428836839923200201990555022937127664746475900533562981419856470257387547691904983;
dualObjective   = -0.08517396923957929070345059622383440731515267694325996132110124559781301150383785542643623292545176477071699548982370187331656030917911755919297252710782566876515706476290518744293804317631536057514629893948860950522193960585320012980903764297075613824026774095312884204579075971161582892708531290240066027467114;
dualityGap      = 3.214362313523279701008789557394233504793394914960842192997125101905322301094464904037242272233016070113018764413916971971208738046547142964320885685898614747813259194753325076569984559564883416100296461547494640831955206692437387541183347175115818521945810317543759860147285206103285251833556213021868577207557e-16;
primalError     = 8.806401224849897105389258515967520363464941526228769442402490401991648167047438607340125610985773015521221369999301964364767090297609227767810659151093524329434087965299642173205985318535003570501698825892522290925755219681700583434886204330066245804112782952709811635599011573920400050861146320832106218257367e-44;
dualError       = 2.529108595571129232798236568102846014554511172198596000368728779344941710915509362476842843863980315402612945054940990851832971009941199081667843517115151727759256044692021673240252528464624742036755410064768640108357566954338277824120221029837111271593098663244517237800237687767075178851417026111338390369888e-284;
Solver runtime  = 7;
